    0.00000000    0.00000000        0.1464489400
    0.15553300    0.08230452        0.1464488585
    0.31106600    0.16460904        0.1464487317
    0.46659900    0.24691356        0.1464485390
    0.62213200    0.32921808        0.1464483811
    0.77766500    0.41152260        0.1464482528
    0.93319800    0.49382711        0.1464481491
    1.08873100    0.57613163        0.1464480758
    1.24426400    0.65843615        0.1464480281
    1.39979700    0.74074067        0.1464481375
    1.55533000    0.82304519        0.1464482917
    1.71086300    0.90534971        0.1464484602
    1.86639600    0.98765423        0.1464486516
    2.02192900    1.06995875        0.1464488546
    2.17746200    1.15226327        0.1464490721
    2.33299500    1.23456779        0.1464491927
    2.48852800    1.31687231        0.1464493321
    2.64406100    1.39917683        0.1464494845
    2.79959400    1.48148134        0.1464497642
    2.95512700    1.56378586        0.1464501558
    3.11066000    1.64609038        0.1464505107
    3.26619300    1.72839490        0.1464508541
    3.42172600    1.81069942        0.1464511762
    3.57725900    1.89300394        0.1464515239
    3.73279200    1.97530846        0.1464518022
    3.88832500    2.05761298        0.1464522015
    4.04385800    2.13991750        0.1464526066
    4.19939100    2.22222202        0.1464529883
    4.35492400    2.30452654        0.1464533660
    4.51045700    2.38683106        0.1464538132
    4.66599000    2.46913557        0.1464543620
    4.82152300    2.55144009        0.1464548129
    4.97705600    2.63374461        0.1464553149
    5.13258900    2.71604913        0.1464558020
    5.28812200    2.79835365        0.1464563865
    5.44365500    2.88065817        0.1464569174
    5.59918800    2.96296269        0.1464573679
    5.75472100    3.04526721        0.1464579268
    5.91025400    3.12757173        0.1464585320
    6.06578700    3.20987625        0.1464590712
    6.22132000    3.29218077        0.1464596740
    6.37685300    3.37448528        0.1464603236
    6.53238600    3.45678980        0.1464609216
    6.68791900    3.53909432        0.1464615402
    6.84345200    3.62139884        0.1464621706
    6.99898500    3.70370336        0.1464627898
    7.15451800    3.78600788        0.1464634616
    7.31005100    3.86831240        0.1464641546
    7.46558400    3.95061692        0.1464648437
    7.62111700    4.03292144        0.1464654953
    7.77665000    4.11522596        0.1464662058
    7.93218300    4.19753048        0.1464669102
    8.08771600    4.27983500        0.1464676505
    8.24324900    4.36213951        0.1464683734
    8.39878200    4.44444403        0.1464691564
    8.55431500    4.52674855        0.1464698785
    8.70984800    4.60905307        0.1464706805
    8.86538100    4.69135759        0.1464714888
    9.02091400    4.77366211        0.1464722425
    9.17644700    4.85596663        0.1464730401
    9.33198000    4.93827115        0.1464739053
    9.48751300    5.02057567        0.1464747333
    9.64304600    5.10288019        0.1464755838
    9.79857900    5.18518471        0.1464764251
    9.95411200    5.26748923        0.1464772806
   10.10964500    5.34979374        0.1464780980
   10.26517800    5.43209826        0.1464789169
   10.42071100    5.51440278        0.1464796672
   10.57624400    5.59670730        0.1464804215
   10.73177700    5.67901182        0.1464810364
   10.88731000    5.76131634        0.1464815315
   11.04284300    5.84362086        0.1464817602
   11.19837600    5.92592538        0.1464817086
   11.35390900    6.00822990        0.1464812715
   11.50944200    6.09053442        0.1464801412
   11.66497500    6.17283894        0.1464781067
   11.82050800    6.25514345        0.1464748944
   11.97604100    6.33744797        0.1464699468
   12.13157400    6.41975249        0.1464627133
   12.28710700    6.50205701        0.1464524155
   12.44264000    6.58436153        0.1464378935
   12.59817300    6.66666605        0.1464178072
   12.75370600    6.74897057        0.1463904808
   12.90923900    6.83127509        0.1463534327
   13.06477200    6.91357961        0.1463037707
   13.22030500    6.99588413        0.1462377566
   13.37583800    7.07818865        0.1461504918
   13.53137100    7.16049317        0.1460360465
   13.68690400    7.24279768        0.1458867799
   13.84243700    7.32510220        0.1456929944
   13.99797000    7.40740672        0.1454426051
   14.15350300    7.48971124        0.1451204612
   14.30903600    7.57201576        0.1447072039
   14.46456900    7.65432028        0.1441787308
   14.62010200    7.73662480        0.1435042207
   14.77563500    7.81892932        0.1426448264
   14.93116800    7.90123384        0.1415509858
   15.08670100    7.98353836        0.1401598146
   15.24223400    8.06584288        0.1383910060
   15.39776700    8.14814740        0.1361423712
   15.55330000    8.23045191        0.1332840114
   15.70883300    8.31275643        0.1296509959
   15.86436600    8.39506095        0.1250340304
   16.01989900    8.47736547        0.1191677000
   16.17543200    8.55966999        0.1117152217
   16.33096500    8.64197451        0.1022479892
   16.48649800    8.72427903        0.0902205756
   16.64203100    8.80658355        0.0749395004
   16.79756400    8.88888807        0.0555303208
   16.95309700    8.97119259        0.0309089304
   17.10863000    9.05349711       -0.0002296439
   17.26416300    9.13580162       -0.0393848757
   17.41969600    9.21810614       -0.0881590097
   17.57522900    9.30041066       -0.1480597001
   17.73076200    9.38271518       -0.2201416647
   17.88629500    9.46501970       -0.3044257367
   18.04182800    9.54732422       -0.3991002459
   18.19736100    9.62962874       -0.4997064871
   18.35289400    9.71193326       -0.5987930957
   18.50842700    9.79423778       -0.6865829757
   18.66396000    9.87654230       -0.7527634568
   18.81949300    9.95884682       -0.7888075348
   18.97502600   10.04115134       -0.7899524449
   19.13055900   10.12345585       -0.7562633982
   19.28609200   10.20576037       -0.6926449253
   19.44162500   10.28806489       -0.6077922555
   19.59715800   10.37036941       -0.5122304395
   19.75269100   10.45267393       -0.4160005667
   19.90822400   10.53497845       -0.3268799752
   20.06375700   10.61728297       -0.2497250580
   20.21929000   10.69958749       -0.1868293774
   20.37482300   10.78189201       -0.1387568918
   20.53035600   10.86419653       -0.1051635106
   20.68588900   10.94650105       -0.0854042269
   20.84142200   11.02880557       -0.0789167309
   20.99695500   11.11111008       -0.0854320610
   21.15248800   11.19341460       -0.1050502065
   21.30802100   11.27571912       -0.1381941560
   21.46355400   11.35802364       -0.1854330032
   21.61908700   11.44032816       -0.2471407252
   21.77462000   11.52263268       -0.3229403871
   21.93015300   11.60493720       -0.4109215279
   22.08568600   11.68724172       -0.5067895457
   22.24121900   11.76954624       -0.6033801987
   22.39675200   11.85185076       -0.6911011935
   22.55228500   11.93415528       -0.7595180182
   22.70781800   12.01645979       -0.7996135407
   22.86335100   12.09876431       -0.8058440199
   23.01888400   12.18106883       -0.7773541978
   23.17441700   12.26337335       -0.7181637940
   23.32995000   12.34567787       -0.6363156176
   23.48548300   12.42798239       -0.5420768395
   23.64101600   12.51028691       -0.4456547250
   23.79654900   12.59259143       -0.3552788839
   23.95208200   12.67489595       -0.2763324329
   24.10761500   12.75720047       -0.2115544035
   24.26314800   12.83950499       -0.1618144430
   24.41868100   12.92180951       -0.1269411296
   24.57421400   13.00411402       -0.1063469928
   24.72974700   13.08641854       -0.0994101797
   24.88528000   13.16872306       -0.1056465004
   25.04081300   13.25102758       -0.1246988759
   25.19634600   13.33333210       -0.1561587825
   25.35187900   13.41563662       -0.1992503839
   25.50741200   13.49794114       -0.2524644792
   25.66294500   13.58024566       -0.3133179036
   25.81847800   13.66255018       -0.3783715252
   25.97401100   13.74485470       -0.4431338817
   26.12954400   13.82715922       -0.5012650633
   26.28507700   13.90946374       -0.5445554603
   26.44061000   13.99176825       -0.5657251055
   26.59614300   14.07407277       -0.5616448882
   26.75167600   14.15637729       -0.5342151197
   26.90720900   14.23868181       -0.4886392597
   27.06274200   14.32098633       -0.4308134865
   27.21827500   14.40329085       -0.3667050701
   27.37380800   14.48559537       -0.3024964267
   27.52934100   14.56789989       -0.2437676024
   27.68487400   14.65020441       -0.1945957011
   27.84040700   14.73250893       -0.1573962287
   27.99594000   14.81481345       -0.1333377110
   28.15147300   14.89711796       -0.1228895083
   28.30700600   14.97942248       -0.1262356509
   28.46253900   15.06172700       -0.1434686136
   28.61807200   15.14403152       -0.1745618346
   28.77360500   15.22633604       -0.2191499543
   28.92913800   15.30864056       -0.2761699997
   29.08467100   15.39094508       -0.3434819459
   29.24020400   15.47324960       -0.4175835559
   29.39573700   15.55555412       -0.4933479423
   29.55127000   15.63785864       -0.5637822041
   29.70680300   15.72016316       -0.6207005801
   29.86233600   15.80246768       -0.6566613654
   30.01786900   15.88477219       -0.6669439244
   30.17340200   15.96707671       -0.6507047358
   30.32893500   16.04938123       -0.6106141027
   30.48446800   16.13168575       -0.5518043070
   30.64000100   16.21399027       -0.4810149661
   30.79553400   16.29629479       -0.4055946075
   30.95106700   16.37859931       -0.3323718234
   31.10660000   16.46090383       -0.2667405898
   31.26213300   16.54320835       -0.2122742894
   31.41766600   16.62551287       -0.1708946411
   31.57319900   16.70781739       -0.1433431185
   31.72873200   16.79012191       -0.1296717193
   31.88426500   16.87242642       -0.1295786643
   32.03979800   16.95473094       -0.1425237557
   32.19533100   17.03703546       -0.1676383875
   32.35086400   17.11933998       -0.2035091904
   32.50639700   17.20164450       -0.2480079660
   32.66193000   17.28394902       -0.2983767372
   32.81746300   17.36625354       -0.3515139570
   32.97299600   17.44855806       -0.4039187135
   33.12852900   17.53086258       -0.4511516960
   33.28406200   17.61316710       -0.4879456401
   33.43959500   17.69547162       -0.5096962232
   33.59512800   17.77777613       -0.5142194660
   33.75066100   17.86008065       -0.5021438742
   33.90619400   17.94238517       -0.4757877940
   34.06172700   18.02468969       -0.4379524421
   34.21726000   18.10699421       -0.3918197182
   34.37279300   18.18929873       -0.3413270271
   34.52832600   18.27160325       -0.2910196885
   34.68385900   18.35390777       -0.2453839387
   34.83939200   18.43621229       -0.2081849858
   34.99492500   18.51851681       -0.1821317623
   35.15045800   18.60082133       -0.1688632716
   35.30599100   18.68312585       -0.1691058745
   35.46152400   18.76543036       -0.1828378232
   35.61705700   18.84773488       -0.2093908688
   35.77259000   18.93003940       -0.2474878686
   35.92812300   19.01234392       -0.2951878163
   36.08365600   19.09464844       -0.3497127842
   36.23918900   19.17695296       -0.4070298805
   36.39472200   19.25925748       -0.4611421604
   36.55025500   19.34156200       -0.5045634794
   36.70578800   19.42386652       -0.5306418013
   36.86132100   19.50617104       -0.5356880245
   37.01685400   19.58847556       -0.5195113048
   37.17238700   19.67078008       -0.4842593190
   37.32792000   19.75308459       -0.4332958906
   37.48345300   19.83538911       -0.3711988257
   37.63898600   19.91769363       -0.3035686692
   37.79451900   19.99999815       -0.2359483355
   37.95005200   20.08230267       -0.1726760767
   38.10558500   20.16460719       -0.1163858313
   38.26111800   20.24691171       -0.0681431448
   38.41665100   20.32921623       -0.0278952896
   38.57218400   20.41152075        0.0050526350
   38.72771700   20.49382527        0.0316768141
   38.88325000   20.57612979        0.0530081883
   39.03878300   20.65843430        0.0700099829
   39.19431600   20.74073882        0.0835230572
   39.34984900   20.82304334        0.0942505189
   39.50538200   20.90534786        0.1027646022
   39.66091500   20.98765238        0.1095233143
   39.81644800   21.06995690        0.1148902546
   39.97198100   21.15226142        0.1191529856
   40.12751400   21.23456594        0.1225393248
   40.28304700   21.31687046        0.1252296702
   40.43858000   21.39917498        0.1273673272
   40.59411300   21.48147950        0.1290659240
   40.74964600   21.56378402        0.1304158608
   40.90517900   21.64608853        0.1314886460
   41.06071200   21.72839305        0.1323409891
   41.21624500   21.81069757        0.1330179976
   41.37177800   21.89300209        0.1335551974
   41.52731100   21.97530661        0.1339809787
   41.68284400   22.05761113        0.1343179064
   41.83837700   22.13991565        0.1345839849
   41.99391000   22.22222017        0.1347935147
   42.14944300   22.30452469        0.1349579938
   42.30497600   22.38682921        0.1350867820
   42.46050900   22.46913373        0.1351871296
   42.61604200   22.55143825        0.1352650805
   42.77157500   22.63374276        0.1353253004
   42.92710800   22.71604728        0.1353716498
   43.08264100   22.79835180        0.1354071489
   43.23817400   22.88065632        0.1354341772
   43.39370700   22.96296084        0.1354546846
   43.54924000   23.04526536        0.1354701454
   43.70477300   23.12756988        0.1354817183
   43.86030600   23.20987440        0.1354904114
   44.01583900   23.29217892        0.1354967962
   44.17137200   23.37448344        0.1355015750
   44.32690500   23.45678796        0.1355050410
   44.48243800   23.53909248        0.1355076167
   44.63797100   23.62139699        0.1355094657
   44.79350400   23.70370151        0.1355107933
   44.94903700   23.78600603        0.1355117916
   45.10457000   23.86831055        0.1355124561
   45.26010300   23.95061507        0.1355129340
   45.41563600   24.03291959        0.1355133386
   45.57116900   24.11522411        0.1355135692
   45.72670200   24.19752863        0.1355137665
   45.88223500   24.27983315        0.1355138788
   46.03776800   24.36213767        0.1355139516
   46.19330100   24.44444219        0.1355140084
   46.34883400   24.52674670        0.1355140529
   46.50436700   24.60905122        0.1355141180
   46.65990000   24.69135574        0.1355141835
   46.81543300   24.77366026        0.1355141575
   46.97096600   24.85596478        0.1355141903
   47.12649900   24.93826930        0.1355141667
   47.28203200   25.02057382        0.1355142114
   47.43756500   25.10287834        0.1359301431
   47.59309800   25.18518286        0.1371213170
   47.74863100   25.26748738        0.1389155430
   47.90416400   25.34979190        0.1410468519
   48.05969700   25.43209642        0.1431780985
   48.21523000   25.51440093        0.1449723264
   48.37076300   25.59670545        0.1461634814
   48.52629600   25.67900997        0.1465794362
   48.68182900   25.76131449        0.1465794355
   48.83736200   25.84361901        0.1465793962
   48.99289500   25.92592353        0.1465793948
   49.14842800   26.00822805        0.1465793649
   49.30396100   26.09053257        0.1465793263
   49.45949400   26.17283709        0.1465792902
   49.61502700   26.25514161        0.1465792120
   49.77056000   26.33744613        0.1465791773
   49.92609300   26.41975065        0.1465791069
   50.08162600   26.50205516        0.1465790977
   50.23715900   26.58435968        0.1465790167
   50.39269200   26.66666420        0.1465789500
   50.54822500   26.74896872        0.1465788228
   50.70375800   26.83127324        0.1465787722
   50.85929100   26.91357776        0.1465786728
   51.01482400   26.99588228        0.1465785865
   51.17035700   27.07818680        0.1465784968
   51.32589000   27.16049132        0.1465783632
   51.48142300   27.24279584        0.1465782195
   51.63695600   27.32510036        0.1465780498
   51.79248900   27.40740487        0.1465779041
   51.94802200   27.48970939        0.1465777734
   52.10355500   27.57201391        0.1465775702
   52.25908800   27.65431843        0.1465773780
   52.41462100   27.73662295        0.1465771923
   52.57015400   27.81892747        0.1465769854
   52.72568700   27.90123199        0.1465767419
   52.88122000   27.98353651        0.1465765360
   53.03675300   28.06584103        0.1465763055
   53.19228600   28.14814555        0.1465760258
   53.34781900   28.23045007        0.1465757851
   53.50335200   28.31275459        0.1465755252
   53.65888500   28.39505910        0.1465752098
   53.81441800   28.47736362        0.1465748838
   53.96995100   28.55966814        0.1465745539
   54.12548400   28.64197266        0.1465742419
   54.28101700   28.72427718        0.1465738619
   54.43655000   28.80658170        0.1465735050
   54.59208300   28.88888622        0.1465730888
   54.74761600   28.97119074        0.1465726857
   54.90314900   29.05349526        0.1465723032
   55.05868200   29.13579978        0.1465718350
   55.21421500   29.21810430        0.1465713879
   55.36974800   29.30040882        0.1465709134
   55.52528100   29.38271333        0.1465704581
   55.68081400   29.46501785        0.1465699605
   55.83634700   29.54732237        0.1465694502
   55.99188000   29.62962689        0.1465689390
   56.14741300   29.71193141        0.1465683912
   56.30294600   29.79423593        0.1465678149
   56.45847900   29.87654045        0.1465672680
   56.61401200   29.95884497        0.1465666932
   56.76954500   30.04114949        0.1465660320
   56.92507800   30.12345401        0.1465654273
   57.08061100   30.20575853        0.1465648143
   57.23614400   30.28806304        0.1465641310
   57.39167700   30.37036756        0.1465634404
   57.54721000   30.45267208        0.1465626895
   57.70274300   30.53497660        0.1465620341
   57.85827600   30.61728112        0.1465613180
   58.01380900   30.69958564        0.1465605522
   58.16934200   30.78189016        0.1465597719
   58.32487500   30.86419468        0.1465589434
   58.48040800   30.94649920        0.1465581520
   58.63594100   31.02880372        0.1465573597
   58.79147400   31.11110824        0.1465564738
   58.94700700   31.19341276        0.1465556192
   59.10254000   31.27571727        0.1465548331
   59.25807300   31.35802179        0.1465539434
   59.41360600   31.44032631        0.1465529798
   59.56913900   31.52263083        0.1465521330
   59.72467200   31.60493535        0.1465512307
   59.88020500   31.68723987        0.1465502411
   60.03573800   31.76954439        0.1465492761
   60.19127100   31.85184891        0.1465483415
   60.34680400   31.93415343        0.1465472849
   60.50233700   32.01645795        0.1465461617
   60.65787000   32.09876247        0.1465450338
   60.81340300   32.18106699        0.1465440495
   60.96893600   32.26337150        0.1465430285
   61.12446900   32.34567602        0.1465419507
   61.28000200   32.42798054        0.1465408160
   61.43553500   32.51028506        0.1465398886
   61.59106800   32.59258958        0.1465388764
   61.74660100   32.67489410        0.1465377730
   61.90213400   32.75719862        0.1465364892
   62.05766700   32.83950314        0.1465350989
   62.21320000   32.92180766        0.1465339858
   62.36873300   33.00411218        0.1465328950
   62.52426600   33.08641670        0.1465318031
   62.67979900   33.16872121        0.1465306510
   62.83533200   33.25102573        0.1465295346
   62.99086500   33.33333025        0.1465285991
   63.14639800   33.41563477        0.1465274021
   63.30193100   33.49793929        0.1465259023
   63.45746400   33.58024381        0.1465242134
   63.61299700   33.66254833        0.1465227025
   63.76853000   33.74485285        0.1465216426
   63.92406300   33.82715737        0.1465206076
   64.07959600   33.90946189        0.1465195129
   64.23512900   33.99176641        0.1465183174
   64.39066200   34.07407093        0.1465169748
   64.54619500   34.15637544        0.1465154514
   64.70172800   34.23867996        0.1465139858
   64.85726100   34.32098448        0.1465129577
   65.01279400   34.40328900        0.1465118099
   65.16832700   34.48559352        0.1465104591
   65.32386000   34.56789804        0.1465090369
   65.47939300   34.65020256        0.1465078183
   65.63492600   34.73250708        0.1465067530
   65.79045900   34.81481160        0.1465048693
   65.94599200   34.89711612        0.1465031361
   66.10152500   34.97942064        0.1465018427
   66.25705800   35.06172516        0.1465007046
   66.41259100   35.14402967        0.1465000000
   66.56812400   35.22633419        0.1464995062
   66.72365700   35.30863871        0.1464984197
   66.87919000   35.39094323        0.1464968383
   67.03472300   35.47324775        0.1464938764
   67.19025600   35.55555227        0.1464917848
   67.34578900   35.63785679        0.1464901288
   67.50132200   35.72016131        0.1464900000
   67.65685500   35.80246583        0.1464900000
   67.81238800   35.88477035        0.1464900000
   67.96792100   35.96707487        0.1464898693
   68.12345400   36.04937938        0.1464875854
   68.27898700   36.13168390        0.1464829205
   68.43452000   36.21398842        0.1464800000
   68.59005300   36.29629294        0.1464800000
   68.74558600   36.37859746        0.1464800000
   68.90111900   36.46090198        0.1464800000
   69.05665200   36.54320650        0.1464800000
   69.21218500   36.62551102        0.1464800000
   69.36771800   36.70781554        0.1464800000
   69.52325100   36.79012006        0.1464757292
   69.67878400   36.87242458        0.1464700000
   69.83431700   36.95472910        0.1464700000
   69.98985000   37.03703361        0.1464700000
   70.14538300   37.11933813        0.1464700000
   70.30091600   37.20164265        0.1464700000
   70.45644900   37.28394717        0.1464700000
   70.61198200   37.36625169        0.1464700000
   70.76751500   37.44855621        0.1464698708
   70.92304800   37.53086073        0.1464676524
   71.07858100   37.61316525        0.1464645505
   71.23411400   37.69546977        0.1464620616
   71.38964700   37.77777429        0.1464607383
   71.54518000   37.86007881        0.1464600000
   71.70071300   37.94238333        0.1464600000
   71.85624600   38.02468784        0.1464600000
   72.01177900   38.10699236        0.1464600000
   72.16731200   38.18929688        0.1464600000
   72.32284500   38.27160140        0.1464592660
   72.47837800   38.35390592        0.1464584457
   72.63391100   38.43621044        0.1464576133
   72.78944400   38.51851496        0.1464567400
   72.94497700   38.60081948        0.1464556814
   73.10051000   38.68312400        0.1464548507
   73.25604300   38.76542852        0.1464541334
   73.41157600   38.84773304        0.1464534028
   73.56710900   38.93003755        0.1464529311
   73.72264200   39.01234207        0.1464525815
   73.87817500   39.09464659        0.1464522676
   74.03370800   39.17695111        0.1464517115
   74.18924100   39.25925563        0.1464512225
   74.34477400   39.34156015        0.1464507967
   74.50030700   39.42386467        0.1464504205
   74.65584000   39.50616919        0.1464500878
   74.81137300   39.58847371        0.1464498100
   74.96690600   39.67077823        0.1464495689
   75.12243900   39.75308275        0.1464493620
   75.27797200   39.83538727        0.1464491840
   75.43350500   39.91769178        0.1464490432
