    0.00000000    0.00000000        0.1522898283
    0.15553300    0.08230452        0.1522892212
    0.31106600    0.16460904        0.1522887423
    0.46659900    0.24691356        0.1522882552
    0.62213200    0.32921808        0.1522876799
    0.77766500    0.41152260        0.1522871644
    0.93319800    0.49382711        0.1522867086
    1.08873100    0.57613163        0.1522862813
    1.24426400    0.65843615        0.1522859023
    1.39979700    0.74074067        0.1522855430
    1.55533000    0.82304519        0.1522852247
    1.71086300    0.90534971        0.1522849089
    1.86639600    0.98765423        0.1522844411
    2.02192900    1.06995875        0.1522839959
    2.17746200    1.15226327        0.1522835711
    2.33299500    1.23456779        0.1522832383
    2.48852800    1.31687231        0.1522829649
    2.64406100    1.39917683        0.1522826765
    2.79959400    1.48148134        0.1522824687
    2.95512700    1.56378586        0.1522821451
    3.11066000    1.64609038        0.1522818827
    3.26619300    1.72839490        0.1522816676
    3.42172600    1.81069942        0.1522814627
    3.57725900    1.89300394        0.1522812718
    3.73279200    1.97530846        0.1522810764
    3.88832500    2.05761298        0.1522808083
    4.04385800    2.13991750        0.1522806655
    4.19939100    2.22222202        0.1522805266
    4.35492400    2.30452654        0.1522804171
    4.51045700    2.38683106        0.1522802749
    4.66599000    2.46913557        0.1522800637
    4.82152300    2.55144009        0.1522798833
    4.97705600    2.63374461        0.1522798437
    5.13258900    2.71604913        0.1522797868
    5.28812200    2.79835365        0.1522796653
    5.44365500    2.88065817        0.1522795935
    5.59918800    2.96296269        0.1522796094
    5.75472100    3.04526721        0.1522795901
    5.91025400    3.12757173        0.1522795221
    6.06578700    3.20987625        0.1522794686
    6.22132000    3.29218077        0.1522795100
    6.37685300    3.37448528        0.1525166184
    6.53238600    3.45678980        0.1531955503
    6.68791900    3.53909432        0.1542183150
    6.84345200    3.62139884        0.1554330980
    6.99898500    3.70370336        0.1566479606
    7.15451800    3.78600788        0.1576707576
    7.31005100    3.86831240        0.1583496959
    7.46558400    3.95061692        0.1585867858
    7.62111700    4.03292144        0.1585867776
    7.77665000    4.11522596        0.1585867564
    7.93218300    4.19753048        0.1585867004
    8.08771600    4.27983500        0.1585867197
    8.24324900    4.36213951        0.1585866025
    8.39878200    4.44444403        0.1585865432
    8.55431500    4.52674855        0.1585864689
    8.70984800    4.60905307        0.1585863484
    8.86538100    4.69135759        0.1585861965
    9.02091400    4.77366211        0.1585860195
    9.17644700    4.85596663        0.1585858529
    9.33198000    4.93827115        0.1585856033
    9.48751300    5.02057567        0.1585853244
    9.64304600    5.10288019        0.1585850797
    9.79857900    5.18518471        0.1585847409
    9.95411200    5.26748923        0.1585843581
   10.10964500    5.34979374        0.1585839096
   10.26517800    5.43209826        0.1585833981
   10.42071100    5.51440278        0.1585828019
   10.57624400    5.59670730        0.1585820345
   10.73177700    5.67901182        0.1585811825
   10.88731000    5.76131634        0.1585800506
   11.04284300    5.84362086        0.1585787225
   11.19837600    5.92592538        0.1585770211
   11.35390900    6.00822990        0.1585747661
   11.50944200    6.09053442        0.1585718956
   11.66497500    6.17283894        0.1585679909
   11.82050800    6.25514345        0.1585629389
   11.97604100    6.33744797        0.1585560441
   12.13157400    6.41975249        0.1585469170
   12.28710700    6.50205701        0.1585346108
   12.44264000    6.58436153        0.1585181901
   12.59817300    6.66666605        0.1584961603
   12.75370600    6.74897057        0.1584669334
   12.90923900    6.83127509        0.1584280527
   13.06477200    6.91357961        0.1583767839
   13.22030500    6.99588413        0.1583093174
   13.37583800    7.07818865        0.1582208829
   13.53137100    7.16049317        0.1581055421
   13.68690400    7.24279768        0.1579558304
   13.84243700    7.32510220        0.1577621279
   13.99797000    7.40740672        0.1575125532
   14.15350300    7.48971124        0.1571918895
   14.30903600    7.57201576        0.1567812408
   14.46456900    7.65432028        0.1562563825
   14.62010200    7.73662480        0.1555870028
   14.77563500    7.81892932        0.1547342631
   14.93116800    7.90123384        0.1536490003
   15.08670100    7.98353836        0.1522683801
   15.24223400    8.06584288        0.1505125256
   15.39776700    8.14814740        0.1482794868
   15.55330000    8.23045191        0.1454394796
   15.70883300    8.31275643        0.1418278091
   15.86436600    8.39506095        0.1372353557
   16.01989900    8.47736547        0.1313968559
   16.17543200    8.55966999        0.1239752157
   16.33096500    8.64197451        0.1145418065
   16.48649800    8.72427903        0.1025507970
   16.64203100    8.80658355        0.0873081136
   16.79756400    8.88888807        0.0679385277
   16.95309700    8.97119259        0.0433569121
   17.10863000    9.05349711        0.0122572682
   17.26416300    9.13580162       -0.0268611417
   17.41969600    9.21810614       -0.0756016077
   17.57522900    9.30041066       -0.1354727072
   17.73076200    9.38271518       -0.2075294606
   17.88629500    9.46501970       -0.2917928713
   18.04182800    9.54732422       -0.3864510127
   18.19736100    9.62962874       -0.4870447275
   18.35289400    9.71193326       -0.5861215552
   18.50842700    9.79423778       -0.6739037980
   18.66396000    9.87654230       -0.7400759205
   18.81949300    9.95884682       -0.7761092131
   18.97502600   10.04115134       -0.7772381002
   19.13055900   10.12345585       -0.7435273235
   19.28609200   10.20576037       -0.6798814425
   19.44162500   10.28806489       -0.5949976667
   19.59715800   10.37036941       -0.4994024195
   19.75269100   10.45267393       -0.4031380994
   19.90822400   10.53497845       -0.3139836748
   20.06375700   10.61728297       -0.2367963178
   20.21929000   10.69958749       -0.1738708516
   20.37482300   10.78189201       -0.1257713968
   20.53035600   10.86419653       -0.0921527320
   20.68588900   10.94650105       -0.0723680943
   20.84142200   11.02880557       -0.0658529116
   20.99695500   11.11111008       -0.0723362009
   21.15248800   11.19341460       -0.0919167757
   21.30802100   11.27571912       -0.1250179872
   21.46355400   11.35802364       -0.1722117923
   21.61908700   11.44032816       -0.2338776867
   21.77462000   11.52263268       -0.3096483409
   21.93015300   11.60493720       -0.3976251892
   22.08568600   11.68724172       -0.4935258994
   22.24121900   11.76954624       -0.5901913113
   22.39675200   11.85185076       -0.6780187883
   22.55228500   11.93415528       -0.7465436409
   22.70781800   12.01645979       -0.7867028790
   22.86335100   12.09876431       -0.7929072991
   23.01888400   12.18106883       -0.7642739289
   23.17441700   12.26337335       -0.7048159358
   23.32995000   12.34567787       -0.6225812109
   23.48548300   12.42798239       -0.5278358029
   23.64101600   12.51028691       -0.4307699345
   23.79654900   12.59259143       -0.3395789408
   23.95208200   12.67489595       -0.2596021440
   24.10761500   12.75720047       -0.1935330288
   24.26314800   12.83950499       -0.1421993220
   24.41868100   12.92180951       -0.1053982899
   24.57421400   13.00411402       -0.0825315216
   24.72974700   13.08641854       -0.0730093032
   24.88528000   13.16872306       -0.0764661617
   25.04081300   13.25102758       -0.0928255495
   25.19634600   13.33333210       -0.1222247947
   25.35187900   13.41563662       -0.1647942728
   25.50741200   13.49794114       -0.2202794264
   25.66294500   13.58024566       -0.2875241254
   25.81847800   13.66255018       -0.3639232044
   25.97401100   13.74485470       -0.4450543385
   26.12954400   13.82715922       -0.5245945115
   26.28507700   13.90946374       -0.5944058649
   26.44061000   13.99176825       -0.6453883834
   26.59614300   14.07407277       -0.6699201368
   26.75167600   14.15637729       -0.6644185235
   26.90720900   14.23868181       -0.6302849413
   27.06274200   14.32098633       -0.5729722446
   27.21827500   14.40329085       -0.4999866214
   27.37380800   14.48559537       -0.4194822837
   27.52934100   14.56789989       -0.3392610731
   27.68487400   14.65020441       -0.2656317071
   27.84040700   14.73250893       -0.2027453900
   27.99594000   14.81481345       -0.1527436703
   28.15147300   14.89711796       -0.1163819302
   28.30700600   14.97942248       -0.0936981362
   28.46253900   15.06172700       -0.0845154985
   28.61807200   15.14403152       -0.0887421152
   28.77360500   15.22633604       -0.1064915456
   28.92913800   15.30864056       -0.1380430662
   29.08467100   15.39094508       -0.1836364205
   29.24020400   15.47324960       -0.2430798971
   29.39573700   15.55555412       -0.3151686834
   29.55127000   15.63785864       -0.3970151286
   29.70680300   15.72016316       -0.4835636541
   29.86233600   15.80246768       -0.5676678521
   30.01786900   15.88477219       -0.6408451599
   30.17340200   15.96707671       -0.6944100608
   30.32893500   16.04938123       -0.7210163310
   30.48446800   16.13168575       -0.7166526967
   30.64000100   16.21399027       -0.6819221295
   30.79553400   16.29629479       -0.6219100031
   30.95106700   16.37859931       -0.5446698783
   31.10660000   16.46090383       -0.4590910302
   31.26213300   16.54320835       -0.3733791580
   31.41766600   16.62551287       -0.2940976930
   31.57319900   16.70781739       -0.2256459266
   31.72873200   16.79012191       -0.1703638918
   31.88426500   16.87242642       -0.1290892624
   32.03979800   16.95473094       -0.1018113369
   32.19533100   17.03703546       -0.0881938311
   32.35086400   17.11933998       -0.0878976295
   32.50639700   17.20164450       -0.1007086044
   32.66193000   17.28394902       -0.1264874000
   32.81746300   17.36625354       -0.1649555368
   32.97299600   17.44855806       -0.2153536794
   33.12852900   17.53086258       -0.2760642698
   33.28406200   17.61316710       -0.3443605532
   33.43959500   17.69547162       -0.4163005222
   33.59512800   17.77777613       -0.4863565481
   33.75066100   17.86008065       -0.5468979652
   33.90619400   17.94238517       -0.5893709931
   34.06172700   18.02468969       -0.6073562144
   34.21726000   18.10699421       -0.5988123855
   34.37279300   18.18929873       -0.5661669992
   34.52832600   18.27160325       -0.5144725330
   34.68385900   18.35390777       -0.4498195298
   34.83939200   18.43621229       -0.3790148518
   34.99492500   18.51851681       -0.3089274793
   35.15045800   18.60082133       -0.2453180724
   35.30599100   18.68312585       -0.1921325368
   35.46152400   18.76543036       -0.1515701647
   35.61705700   18.84773488       -0.1245851964
   35.77259000   18.93003940       -0.1114321598
   35.92812300   19.01234392       -0.1120424518
   36.08365600   19.09464844       -0.1261919562
   36.23918900   19.17695296       -0.1535132794
   36.39472200   19.25925748       -0.1934459610
   36.55025500   19.34156200       -0.2451591958
   36.70578800   19.42386652       -0.3072177092
   36.86132100   19.50617104       -0.3766789058
   37.01685400   19.58847556       -0.4483870639
   37.17238700   19.67078008       -0.5155707739
   37.32792000   19.75308459       -0.5711373449
   37.48345300   19.83538911       -0.6089887305
   37.63898600   19.91769363       -0.6246781984
   37.79451900   19.99999815       -0.6157279182
   37.95005200   20.08230267       -0.5823428267
   38.10558500   20.16460719       -0.5277534720
   38.26111800   20.24691171       -0.4576995174
   38.41665100   20.32921623       -0.3792194574
   38.57218400   20.41152075       -0.2991963565
   38.72771700   20.49382527       -0.2231703779
   38.88325000   20.57612979       -0.1547454315
   39.03878300   20.65843430       -0.0956257112
   39.19431600   20.74073882       -0.0460614236
   39.34984900   20.82304334       -0.0054020205
   39.50538200   20.90534786        0.0274436044
   39.66091500   20.98765238        0.0536997642
   39.81644800   21.06995690        0.0745471350
   39.97198100   21.15226142        0.0910351126
   40.12751400   21.23456594        0.1040501430
   40.28304700   21.31687046        0.1143166363
   40.43858000   21.39917498        0.1224143035
   40.59411300   21.48147950        0.1288020526
   40.74964600   21.56378402        0.1338414375
   40.90517900   21.64608853        0.1378171092
   41.06071200   21.72839305        0.1409534240
   41.21624500   21.81069757        0.1434274721
   41.37177800   21.89300209        0.1453790442
   41.52731100   21.97530661        0.1469183896
   41.68284400   22.05761113        0.1481324842
   41.83837700   22.13991565        0.1490898809
   41.99391000   22.22222017        0.1498443836
   42.14944300   22.30452469        0.1504385315
   42.30497600   22.38682921        0.1509056942
   42.46050900   22.46913373        0.1512723844
   42.61604200   22.55143825        0.1515594965
   42.77157500   22.63374276        0.1517836485
   42.92710800   22.71604728        0.1519579842
   43.08264100   22.79835180        0.1520930927
   43.23817400   22.88065632        0.1521973271
   43.39370700   22.96296084        0.1522772608
   43.54924000   23.04526536        0.1523382477
   43.70477300   23.12756988        0.1523844830
   43.86030600   23.20987440        0.1524193069
   44.01583900   23.29217892        0.1524453448
   44.17137200   23.37448344        0.1524646490
   44.32690500   23.45678796        0.1524788040
   44.48243800   23.53909248        0.1524890394
   44.63797100   23.62139699        0.1524963908
   44.79350400   23.70370151        0.1525015712
   44.94903700   23.78600603        0.1525050786
   45.10457000   23.86831055        0.1525075000
   45.26010300   23.95061507        0.1525089598
   45.41563600   24.03291959        0.1525098042
   45.57116900   24.11522411        0.1525102440
   45.72670200   24.19752863        0.1525103868
   45.88223500   24.27983315        0.1525102400
   46.03776800   24.36213767        0.1525099472
   46.19330100   24.44444219        0.1525095988
   46.34883400   24.52674670        0.1525091411
   46.50436700   24.60905122        0.1525087105
   46.65990000   24.69135574        0.1525082155
   46.81543300   24.77366026        0.1525076866
   46.97096600   24.85596478        0.1525072174
   47.12649900   24.93826930        0.1525067366
   47.28203200   25.02057382        0.1525062539
   47.43756500   25.10287834        0.1525058533
   47.59309800   25.18518286        0.1525053839
   47.74863100   25.26748738        0.1525049408
   47.90416400   25.34979190        0.1525045544
   48.05969700   25.43209642        0.1525041678
   48.21523000   25.51440093        0.1525038267
   48.37076300   25.59670545        0.1525034421
   48.52629600   25.67900997        0.1525031091
   48.68182900   25.76131449        0.1525027797
   48.83736200   25.84361901        0.1525024262
   48.99289500   25.92592353        0.1525021553
   49.14842800   26.00822805        0.1525018393
   49.30396100   26.09053257        0.1525015823
   49.45949400   26.17283709        0.1525013059
   49.61502700   26.25514161        0.1525010142
   49.77056000   26.33744613        0.1525007576
   49.92609300   26.41975065        0.1525004972
   50.08162600   26.50205516        0.1525002150
   50.23715900   26.58435968        0.1524999518
   50.39269200   26.66666420        0.1524997029
   50.54822500   26.74896872        0.1524994687
   50.70375800   26.83127324        0.1524991093
   50.85929100   26.91357776        0.1524988484
   51.01482400   26.99588228        0.1524985788
   51.17035700   27.07818680        0.1524982089
   51.32589000   27.16049132        0.1524979832
   51.48142300   27.24279584        0.1524976003
   51.63695600   27.32510036        0.1524972459
   51.79248900   27.40740487        0.1524968866
   51.94802200   27.48970939        0.1524964738
   52.10355500   27.57201391        0.1524960745
   52.25908800   27.65431843        0.1524956346
   52.41462100   27.73662295        0.1524952079
   52.57015400   27.81892747        0.1524946914
   52.72568700   27.90123199        0.1524941970
   52.88122000   27.98353651        0.1524936314
   53.03675300   28.06584103        0.1524930367
   53.19228600   28.14814555        0.1524924262
   53.34781900   28.23045007        0.1524917906
   53.50335200   28.31275459        0.1524911722
   53.65888500   28.39505910        0.1524904268
   53.81441800   28.47736362        0.1524896494
   53.96995100   28.55966814        0.1524889323
   54.12548400   28.64197266        0.1524880739
   54.28101700   28.72427718        0.1524872018
   54.43655000   28.80658170        0.1524863064
   54.59208300   28.88888622        0.1524853588
   54.74761600   28.97119074        0.1524843764
   54.90314900   29.05349526        0.1524833044
   55.05868200   29.13579978        0.1524823003
   55.21421500   29.21810430        0.1524811839
   55.36974800   29.30040882        0.1524799981
   55.52528100   29.38271333        0.1524787997
   55.68081400   29.46501785        0.1524776360
   55.83634700   29.54732237        0.1524762539
   55.99188000   29.62962689        0.1524749735
   56.14741300   29.71193141        0.1524735817
   56.30294600   29.79423593        0.1524722622
   56.45847900   29.87654045        0.1524706887
   56.61401200   29.95884497        0.1524691926
   56.76954500   30.04114949        0.1524676972
   56.92507800   30.12345401        0.1524661309
   57.08061100   30.20575853        0.1524645317
   57.23614400   30.28806304        0.1524628680
   57.39167700   30.37036756        0.1524612770
   57.54721000   30.45267208        0.1524595621
   57.70274300   30.53497660        0.1524576770
   57.85827600   30.61728112        0.1524558898
   58.01380900   30.69958564        0.1524540403
   58.16934200   30.78189016        0.1524522087
   58.32487500   30.86419468        0.1524502879
   58.48040800   30.94649920        0.1524483179
   58.63594100   31.02880372        0.1524465090
   58.79147400   31.11110824        0.1524445583
   58.94700700   31.19341276        0.1524422651
   59.10254000   31.27571727        0.1524403824
   59.25807300   31.35802179        0.1524384346
   59.41360600   31.44032631        0.1524363132
   59.56913900   31.52263083        0.1524342689
   59.72467200   31.60493535        0.1524321094
   59.88020500   31.68723987        0.1524297676
   60.03573800   31.76954439        0.1524277826
   60.19127100   31.85184891        0.1524255218
   60.34680400   31.93415343        0.1524232832
   60.50233700   32.01645795        0.1524212876
   60.65787000   32.09876247        0.1524190427
   60.81340300   32.18106699        0.1524166397
   60.96893600   32.26337150        0.1524146730
   61.12446900   32.34567602        0.1524126080
   61.28000200   32.42798054        0.1524102334
   61.43553500   32.51028506        0.1524075323
   61.59106800   32.59258958        0.1524055729
   61.74660100   32.67489410        0.1524035648
   61.90213400   32.75719862        0.1524013580
   62.05766700   32.83950314        0.1523991006
   62.21320000   32.92180766        0.1523967236
   62.36873300   33.00411218        0.1523945081
   62.52426600   33.08641670        0.1523923307
   62.67979900   33.16872121        0.1523902286
   62.83533200   33.25102573        0.1523880469
   62.99086500   33.33333025        0.1523858782
   63.14639800   33.41563477        0.1523837823
   63.30193100   33.49793929        0.1523816426
   63.45746400   33.58024381        0.1523794420
   63.61299700   33.66254833        0.1523770110
   63.76853000   33.74485285        0.1523752079
   63.92406300   33.82715737        0.1523738079
   64.07959600   33.90946189        0.1523712804
   64.23512900   33.99176641        0.1523690046
   64.39066200   34.07407093        0.1523668866
   64.54619500   34.15637544        0.1523651900
   64.70172800   34.23867996        0.1523635475
   64.85726100   34.32098448        0.1523615394
   65.01279400   34.40328900        0.1523592077
   65.16832700   34.48559352        0.1523578048
   65.32386000   34.56789804        0.1523557586
   65.47939300   34.65020256        0.1523539178
   65.63492600   34.73250708        0.1523515630
   65.79045900   34.81481160        0.1523500000
   65.94599200   34.89711612        0.1523494536
   66.10152500   34.97942064        0.1523478776
   66.25705800   35.06172516        0.1523454351
   66.41259100   35.14402967        0.1523430758
   66.56812400   35.22633419        0.1523405382
   66.72365700   35.30863871        0.1523400000
   66.87919000   35.39094323        0.1523400000
   67.03472300   35.47324775        0.1523394141
   67.19025600   35.55555227        0.1523369112
   67.34578900   35.63785679        0.1523341368
   67.50132200   35.72016131        0.1523308980
   67.65685500   35.80246583        0.1523300000
   67.81238800   35.88477035        0.1523300000
   67.96792100   35.96707487        0.1523300000
   68.12345400   36.04937938        0.1523300000
   68.27898700   36.13168390        0.1523291787
   68.43452000   36.21398842        0.1523257364
   68.59005300   36.29629294        0.1523217704
   68.74558600   36.37859746        0.1523200000
   68.90111900   36.46090198        0.1523200000
   69.05665200   36.54320650        0.1523200000
   69.21218500   36.62551102        0.1523200000
   69.36771800   36.70781554        0.1523200000
   69.52325100   36.79012006        0.1523200000
   69.67878400   36.87242458        0.1523192400
   69.83431700   36.95472910        0.1523158367
   69.98985000   37.03703361        0.1523132176
   70.14538300   37.11933813        0.1523103347
   70.30091600   37.20164265        0.1523100000
   70.45644900   37.28394717        0.1523100000
   70.61198200   37.36625169        0.1523100000
   70.76751500   37.44855621        0.1523100000
   70.92304800   37.53086073        0.1523100000
   71.07858100   37.61316525        0.1523100000
   71.23411400   37.69546977        0.1523095163
   71.38964700   37.77777429        0.1523074937
   71.54518000   37.86007881        0.1523060200
   71.70071300   37.94238333        0.1523049474
   71.85624600   38.02468784        0.1523040032
   72.01177900   38.10699236        0.1523030748
   72.16731200   38.18929688        0.1523018984
   72.32284500   38.27160140        0.1523009565
   72.47837800   38.35390592        0.1523003525
   72.63391100   38.43621044        0.1523000000
   72.78944400   38.51851496        0.1523000000
   72.94497700   38.60081948        0.1522994748
   73.10051000   38.68312400        0.1522988069
   73.25604300   38.76542852        0.1522981088
   73.41157600   38.84773304        0.1522972502
   73.56710900   38.93003755        0.1522964858
   73.72264200   39.01234207        0.1522959264
   73.87817500   39.09464659        0.1522954663
   74.03370800   39.17695111        0.1522950612
   74.18924100   39.25925563        0.1522947058
   74.34477400   39.34156015        0.1522943818
   74.50030700   39.42386467        0.1522940268
   74.65584000   39.50616919        0.1522933685
   74.81137300   39.58847371        0.1522927498
   74.96690600   39.67077823        0.1522921554
   75.12243900   39.75308275        0.1522915693
   75.27797200   39.83538727        0.1522910045
   75.43350500   39.91769178        0.1522904364
