    0.00000000    0.00000000        0.1620640683
    0.15553300    0.08230452        0.1620641054
    0.31106600    0.16460904        0.1620641315
    0.46659900    0.24691356        0.1620641319
    0.62213200    0.32921808        0.1620641218
    0.77766500    0.41152260        0.1620641151
    0.93319800    0.49382711        0.1620641078
    1.08873100    0.57613163        0.1620640316
    1.24426400    0.65843615        0.1620637596
    1.39979700    0.74074067        0.1620634954
    1.55533000    0.82304519        0.1620632243
    1.71086300    0.90534971        0.1620629215
    1.86639600    0.98765423        0.1620626992
    2.02192900    1.06995875        0.1620625911
    2.17746200    1.15226327        0.1620626524
    2.33299500    1.23456779        0.1620628231
    2.48852800    1.31687231        0.1620628318
    2.64406100    1.39917683        0.1620626630
    2.79959400    1.48148134        0.1620624851
    2.95512700    1.56378586        0.1620622666
    3.11066000    1.64609038        0.1620620293
    3.26619300    1.72839490        0.1620618398
    3.42172600    1.81069942        0.1620617163
    3.57725900    1.89300394        0.1620615625
    3.73279200    1.97530846        0.1620615095
    3.88832500    2.05761298        0.1620615157
    4.04385800    2.13991750        0.1620614087
    4.19939100    2.22222202        0.1620611834
    4.35492400    2.30452654        0.1620610243
    4.51045700    2.38683106        0.1620608975
    4.66599000    2.46913557        0.1620608061
    4.82152300    2.55144009        0.1620607788
    4.97705600    2.63374461        0.1620605869
    5.13258900    2.71604913        0.1620605874
    5.28812200    2.79835365        0.1620604851
    5.44365500    2.88065817        0.1620602696
    5.59918800    2.96296269        0.1620602440
    5.75472100    3.04526721        0.1620603106
    5.91025400    3.12757173        0.1620601731
    6.06578700    3.20987625        0.1620599199
    6.22132000    3.29218077        0.1620600834
    6.37685300    3.37448528        0.1620599795
    6.53238600    3.45678980        0.1620599233
    6.68791900    3.53909432        0.1620598633
    6.84345200    3.62139884        0.1620598447
    6.99898500    3.70370336        0.1620598476
    7.15451800    3.78600788        0.1620597859
    7.31005100    3.86831240        0.1620597895
    7.46558400    3.95061692        0.1620597978
    7.62111700    4.03292144        0.1620597227
    7.77665000    4.11522596        0.1620597169
    7.93218300    4.19753048        0.1620597463
    8.08771600    4.27983500        0.1620596441
    8.24324900    4.36213951        0.1620597362
    8.39878200    4.44444403        0.1620597295
    8.55431500    4.52674855        0.1620596504
    8.70984800    4.60905307        0.1620597106
    8.86538100    4.69135759        0.1620596065
    9.02091400    4.77366211        0.1620595891
    9.17644700    4.85596663        0.1620595530
    9.33198000    4.93827115        0.1620595308
    9.48751300    5.02057567        0.1620594608
    9.64304600    5.10288019        0.1620594218
    9.79857900    5.18518471        0.1620592945
    9.95411200    5.26748923        0.1620591667
   10.10964500    5.34979374        0.1620590471
   10.26517800    5.43209826        0.1620588180
   10.42071100    5.51440278        0.1620585156
   10.57624400    5.59670730        0.1620582243
   10.73177700    5.67901182        0.1620577358
   10.88731000    5.76131634        0.1620570708
   11.04284300    5.84362086        0.1620561921
   11.19837600    5.92592538        0.1620549744
   11.35390900    6.00822990        0.1620532649
   11.50944200    6.09053442        0.1620509119
   11.66497500    6.17283894        0.1620476659
   11.82050800    6.25514345        0.1620431650
   11.97604100    6.33744797        0.1620370520
   12.13157400    6.41975249        0.1620286367
   12.28710700    6.50205701        0.1620171817
   12.44264000    6.58436153        0.1620016213
   12.59817300    6.66666605        0.1619806929
   12.75370600    6.74897057        0.1619525757
   12.90923900    6.83127509        0.1619150670
   13.06477200    6.91357961        0.1618652555
   13.22030500    6.99588413        0.1617995833
   13.37583800    7.07818865        0.1617132526
   13.53137100    7.16049317        0.1616004943
   13.68690400    7.24279768        0.1614537601
   13.84243700    7.32510220        0.1612636733
   13.99797000    7.40740672        0.1610185151
   14.15350300    7.48971124        0.1607032547
   14.30903600    7.57201576        0.1602990307
   14.46456900    7.65432028        0.1597820769
   14.62010200    7.73662480        0.1591222138
   14.77563500    7.81892932        0.1582808319
   14.93116800    7.90123384        0.1572092626
   15.08670100    7.98353836        0.1558450092
   15.24223400    8.06584288        0.1541084950
   15.39776700    8.14814740        0.1518983816
   15.55330000    8.23045191        0.1490853488
   15.70883300    8.31275643        0.1455051818
   15.86436600    8.39506095        0.1409492747
   16.01989900    8.47736547        0.1351528662
   16.17543200    8.55966999        0.1277795563
   16.33096500    8.64197451        0.1184010790
   16.48649800    8.72427903        0.1064719121
   16.64203100    8.80658355        0.0912984338
   16.79756400    8.88888807        0.0720054959
   16.95309700    8.97119259        0.0475079444
   17.10863000    9.05349711        0.0164994830
   17.26416300    9.13580162       -0.0225210936
   17.41969600    9.21810614       -0.0711578429
   17.57522900    9.30041066       -0.1309202561
   17.73076200    9.38271518       -0.2028644564
   17.88629500    9.46501970       -0.2870132053
   18.04182800    9.54732422       -0.3815559749
   18.19736100    9.62962874       -0.4820364073
   18.35289400    9.71193326       -0.5810059736
   18.50842700    9.79423778       -0.6686914486
   18.66396000    9.87654230       -0.7347829396
   18.81949300    9.95884682       -0.7707559409
   18.97502600   10.04115134       -0.7718468797
   19.13055900   10.12345585       -0.7381183972
   19.28609200   10.20576037       -0.6744705431
   19.44162500   10.28806489       -0.5895938983
   19.59715800   10.37036941       -0.4940088532
   19.75269100   10.45267393       -0.3977528343
   19.90822400   10.53497845       -0.3086026705
   20.06375700   10.61728297       -0.2314147263
   20.21929000   10.69958749       -0.1684841731
   20.37482300   10.78189201       -0.1203757999
   20.53035600   10.86419653       -0.0867449622
   20.68588900   10.94650105       -0.0669448072
   20.84142200   11.02880557       -0.0604102940
   20.99695500   11.11111008       -0.0668695439
   21.15248800   11.19341460       -0.0864204799
   21.30802100   11.27571912       -0.1194860832
   21.46355400   11.35802364       -0.1666388065
   21.61908700   11.44032816       -0.2282608008
   21.77462000   11.52263268       -0.3039891855
   21.93015300   11.60493720       -0.3919330714
   22.08568600   11.68724172       -0.4878185975
   22.24121900   11.76954624       -0.5844927982
   22.39675200   11.85185076       -0.6723518624
   22.55228500   11.93415528       -0.7409190493
   22.70781800   12.01645979       -0.7811123590
   22.86335100   12.09876431       -0.7873227322
   23.01888400   12.18106883       -0.7586574424
   23.17441700   12.26337335       -0.6991315743
   23.32995000   12.34567787       -0.6167995014
   23.48548300   12.42798239       -0.5219288662
   23.64101600   12.51028691       -0.4246994771
   23.79654900   12.59259143       -0.3332880488
   23.95208200   12.67489595       -0.2530093290
   24.10761500   12.75720047       -0.1865312146
   24.26314800   12.83950499       -0.1346595884
   24.41868100   12.92180951       -0.0971736963
   24.57421400   13.00411402       -0.0734649746
   24.72974700   13.08641854       -0.0629455162
   24.88528000   13.16872306       -0.0652745391
   25.04081300   13.25102758       -0.0804435294
   25.19634600   13.33333210       -0.1087356016
   25.35187900   13.41563662       -0.1505533027
   25.50741200   13.49794114       -0.2060887628
   25.66294500   13.58024566       -0.2748124063
   25.81847800   13.66255018       -0.3548042335
   25.97401100   13.74485470       -0.4421102595
   26.12954400   13.82715922       -0.5304499059
   26.28507700   13.90946374       -0.6115025932
   26.44061000   13.99176825       -0.6758211893
   26.59614300   14.07407277       -0.7146741342
   26.75167600   14.15637729       -0.7224567414
   26.90720900   14.23868181       -0.6982275893
   27.06274200   14.32098633       -0.6458145864
   27.21827500   14.40329085       -0.5725262521
   27.37380800   14.48559537       -0.4873108165
   27.52934100   14.56789989       -0.3991658085
   27.68487400   14.65020441       -0.3157101034
   27.84040700   14.73250893       -0.2422615554
   27.99594000   14.81481345       -0.1817829881
   28.15147300   14.89711796       -0.1354583709
   28.30700600   14.97942248       -0.1034306260
   28.46253900   15.06172700       -0.0854138419
   28.61807200   15.14403152       -0.0810921565
   28.77360500   15.22633604       -0.0903232910
   28.92913800   15.30864056       -0.1131722201
   29.08467100   15.39094508       -0.1497801983
   29.24020400   15.47324960       -0.2000537866
   29.39573700   15.55555412       -0.2631626129
   29.55127000   15.63785864       -0.3369001973
   29.70680300   15.72016316       -0.4171341010
   29.86233600   15.80246768       -0.4977241646
   30.01786900   15.88477219       -0.5710136895
   30.17340200   15.96707671       -0.6284778567
   30.32893500   16.04938123       -0.6618898571
   30.48446800   16.13168575       -0.6657800583
   30.64000100   16.21399027       -0.6394822996
   30.79553400   16.29629479       -0.5873549186
   30.95106700   16.37859931       -0.5171412168
   31.10660000   16.46090383       -0.4373979119
   31.26213300   16.54320835       -0.3560422805
   31.41766600   16.62551287       -0.2796542103
   31.57319900   16.70781739       -0.2128753788
   31.72873200   16.79012191       -0.1583285033
   31.88426500   16.87242642       -0.1170867303
   32.03979800   16.95473094       -0.0893269056
   32.19533100   17.03703546       -0.0748836353
   32.35086400   17.11933998       -0.0736207953
   32.50639700   17.20164450       -0.0856263536
   32.66193000   17.28394902       -0.1112548345
   32.81746300   17.36625354       -0.1510239475
   32.97299600   17.44855806       -0.2053501253
   33.12852900   17.53086258       -0.2740890956
   33.28406200   17.61316710       -0.3558696350
   33.43959500   17.69547162       -0.4473211451
   33.59512800   17.77777613       -0.5424931301
   33.75066100   17.86008065       -0.6329317113
   33.90619400   17.94238517       -0.7087348899
   34.06172700   18.02468969       -0.7604347984
   34.21726000   18.10699421       -0.7810798985
   34.37279300   18.18929873       -0.7677950098
   34.52832600   18.27160325       -0.7224082988
   34.68385900   18.35390777       -0.6510428220
   34.83939200   18.43621229       -0.5627497386
   34.99492500   18.51851681       -0.4675026902
   35.15045800   18.60082133       -0.3741969622
   35.30599100   18.68312585       -0.2893497756
   35.46152400   18.76543036       -0.2168111131
   35.61705700   18.84773488       -0.1582532601
   35.77259000   18.93003940       -0.1139562234
   35.92812300   19.01234392       -0.0835230711
   36.08365600   19.09464844       -0.0663843079
   36.23918900   19.17695296       -0.0620931474
   36.39472200   19.25925748       -0.0704537755
   36.55025500   19.34156200       -0.0915192077
   36.70578800   19.42386652       -0.1254911270
   36.86132100   19.50617104       -0.1725542095
   37.01685400   19.58847556       -0.2326419153
   37.17238700   19.67078008       -0.3049715174
   37.32792000   19.75308459       -0.3870761835
   37.48345300   19.83538911       -0.4737770790
   37.63898600   19.91769363       -0.5573227313
   37.79451900   19.99999815       -0.6286948560
   37.95005200   20.08230267       -0.6793338596
   38.10558500   20.16460719       -0.7026907934
   38.26111800   20.24691171       -0.6952123789
   38.41665100   20.32921623       -0.6572268537
   38.57218400   20.41152075       -0.5932683935
   38.72771700   20.49382527       -0.5111507297
   38.88325000   20.57612979       -0.4200948511
   39.03878300   20.65843430       -0.3286531644
   39.19431600   20.74073882       -0.2432115208
   39.34984900   20.82304334       -0.1674948014
   39.50538200   20.90534786       -0.1029272028
   39.66091500   20.98765238       -0.0493648484
   39.81644800   21.06995690       -0.0057931696
   39.97198100   21.15226142        0.0291721378
   40.12751400   21.23456594        0.0569788072
   40.28304700   21.31687046        0.0789713862
   40.43858000   21.39917498        0.0963151307
   40.59411300   21.48147950        0.1099763189
   40.74964600   21.56378402        0.1207338353
   40.90517900   21.64608853        0.1292053130
   41.06071200   21.72839305        0.1358769814
   41.21624500   21.81069757        0.1411309436
   41.37177800   21.89300209        0.1452678863
   41.52731100   21.97530661        0.1485247835
   41.68284400   22.05761113        0.1510885696
   41.83837700   22.13991565        0.1531065530
   41.99391000   22.22222017        0.1546949863
   42.14944300   22.30452469        0.1559450796
   42.30497600   22.38682921        0.1569286719
   42.46050900   22.46913373        0.1577021200
   42.61604200   22.55143825        0.1583097507
   42.77157500   22.63374276        0.1587863278
   42.92710800   22.71604728        0.1591593861
   43.08264100   22.79835180        0.1594507079
   43.23817400   22.88065632        0.1596774673
   43.39370700   22.96296084        0.1598532919
   43.54924000   23.04526536        0.1599890818
   43.70477300   23.12756988        0.1600935180
   43.86030600   23.20987440        0.1601732991
   44.01583900   23.29217892        0.1602339458
   44.17137200   23.37448344        0.1602798010
   44.32690500   23.45678796        0.1603142805
   44.48243800   23.53909248        0.1603399412
   44.63797100   23.62139699        0.1603589384
   44.79350400   23.70370151        0.1603728569
   44.94903700   23.78600603        0.1603828893
   45.10457000   23.86831055        0.1603901300
   45.26010300   23.95061507        0.1603952479
   45.41563600   24.03291959        0.1603987465
   45.57116900   24.11522411        0.1604010629
   45.72670200   24.19752863        0.1604026490
   45.88223500   24.27983315        0.1604035610
   46.03776800   24.36213767        0.1604040046
   46.19330100   24.44444219        0.1604041879
   46.34883400   24.52674670        0.1604041334
   46.50436700   24.60905122        0.1604039294
   46.65990000   24.69135574        0.1604036227
   46.81543300   24.77366026        0.1604031592
   46.97096600   24.85596478        0.1604026278
   47.12649900   24.93826930        0.1604022102
   47.28203200   25.02057382        0.1604016837
   47.43756500   25.10287834        0.1604011372
   47.59309800   25.18518286        0.1604005782
   47.74863100   25.26748738        0.1604000593
   47.90416400   25.34979190        0.1603994483
   48.05969700   25.43209642        0.1603989043
   48.21523000   25.51440093        0.1603983150
   48.37076300   25.59670545        0.1603977493
   48.52629600   25.67900997        0.1603971952
   48.68182900   25.76131449        0.1603965879
   48.83736200   25.84361901        0.1603960233
   48.99289500   25.92592353        0.1603955097
   49.14842800   26.00822805        0.1603948872
   49.30396100   26.09053257        0.1603942984
   49.45949400   26.17283709        0.1603937968
   49.61502700   26.25514161        0.1603931944
   49.77056000   26.33744613        0.1603926640
   49.92609300   26.41975065        0.1603921248
   50.08162600   26.50205516        0.1603915731
   50.23715900   26.58435968        0.1603909640
   50.39269200   26.66666420        0.1603904897
   50.54822500   26.74896872        0.1603898891
   50.70375800   26.83127324        0.1603893736
   50.85929100   26.91357776        0.1603888011
   51.01482400   26.99588228        0.1603883242
   51.17035700   27.07818680        0.1603877324
   51.32589000   27.16049132        0.1603871480
   51.48142300   27.24279584        0.1603866647
   51.63695600   27.32510036        0.1603861150
   51.79248900   27.40740487        0.1603855425
   51.94802200   27.48970939        0.1603850738
   52.10355500   27.57201391        0.1603844647
   52.25908800   27.65431843        0.1603839111
   52.41462100   27.73662295        0.1603834163
   52.57015400   27.81892747        0.1603828511
   52.72568700   27.90123199        0.1603822444
   52.88122000   27.98353651        0.1603816676
   53.03675300   28.06584103        0.1603811945
   53.19228600   28.14814555        0.1603805257
   53.34781900   28.23045007        0.1603799937
   53.50335200   28.31275459        0.1603794015
   53.65888500   28.39505910        0.1603788373
   53.81441800   28.47736362        0.1603782489
   53.96995100   28.55966814        0.1603775608
   54.12548400   28.64197266        0.1603769565
   54.28101700   28.72427718        0.1603763085
   54.43655000   28.80658170        0.1603756568
   54.59208300   28.88888622        0.1603750550
   54.74761600   28.97119074        0.1603743157
   54.90314900   29.05349526        0.1603736092
   55.05868200   29.13579978        0.1603729866
   55.21421500   29.21810430        0.1603723172
   55.36974800   29.30040882        0.1603715432
   55.52528100   29.38271333        0.1603707808
   55.68081400   29.46501785        0.1603700770
   55.83634700   29.54732237        0.1603693306
   55.99188000   29.62962689        0.1603685378
   56.14741300   29.71193141        0.1603678911
   56.30294600   29.79423593        0.1603671017
   56.45847900   29.87654045        0.1603660974
   56.61401200   29.95884497        0.1603651220
   56.76954500   30.04114949        0.1603643297
   56.92507800   30.12345401        0.1603635336
   57.08061100   30.20575853        0.1603626808
   57.23614400   30.28806304        0.1603617028
   57.39167700   30.37036756        0.1603605401
   57.54721000   30.45267208        0.1603596470
   57.70274300   30.53497660        0.1603587249
   57.85827600   30.61728112        0.1603577117
   58.01380900   30.69958564        0.1603566618
   58.16934200   30.78189016        0.1603555560
   58.32487500   30.86419468        0.1603546523
   58.48040800   30.94649920        0.1603535190
   58.63594100   31.02880372        0.1603525014
   58.79147400   31.11110824        0.1603514791
   58.94700700   31.19341276        0.1603504253
   59.10254000   31.27571727        0.1603495693
   59.25807300   31.35802179        0.1603487910
   59.41360600   31.44032631        0.1603476119
   59.56913900   31.52263083        0.1603462109
   59.72467200   31.60493535        0.1603449421
   59.88020500   31.68723987        0.1603436145
   60.03573800   31.76954439        0.1603426254
   60.19127100   31.85184891        0.1603414540
   60.34680400   31.93415343        0.1603402599
   60.50233700   32.01645795        0.1603387929
   60.65787000   32.09876247        0.1603373302
   60.81340300   32.18106699        0.1603360576
   60.96893600   32.26337150        0.1603352720
   61.12446900   32.34567602        0.1603346996
   61.28000200   32.42798054        0.1603340533
   61.43553500   32.51028506        0.1603332899
   61.59106800   32.59258958        0.1603316778
   61.74660100   32.67489410        0.1603295698
   61.90213400   32.75719862        0.1603275101
   62.05766700   32.83950314        0.1603266618
   62.21320000   32.92180766        0.1603258738
   62.36873300   33.00411218        0.1603250815
   62.52426600   33.08641670        0.1603242255
   62.67979900   33.16872121        0.1603232118
   62.83533200   33.25102573        0.1603216011
   62.99086500   33.33333025        0.1603202262
   63.14639800   33.41563477        0.1603200000
   63.30193100   33.49793929        0.1603193552
   63.45746400   33.58024381        0.1603178338
   63.61299700   33.66254833        0.1603165181
   63.76853000   33.74485285        0.1603154065
   63.92406300   33.82715737        0.1603142496
   64.07959600   33.90946189        0.1603128554
   64.23512900   33.99176641        0.1603107432
   64.39066200   34.07407093        0.1603100000
   64.54619500   34.15637544        0.1603100000
   64.70172800   34.23867996        0.1603100000
   64.85726100   34.32098448        0.1603100000
   65.01279400   34.40328900        0.1603100000
   65.16832700   34.48559352        0.1603093506
   65.32386000   34.56789804        0.1603071991
   65.47939300   34.65020256        0.1603056409
   65.63492600   34.73250708        0.1603041652
   65.79045900   34.81481160        0.1603022690
   65.94599200   34.89711612        0.1603000000
   66.10152500   34.97942064        0.1603000000
   66.25705800   35.06172516        0.1603000000
   66.41259100   35.14402967        0.1603000000
   66.56812400   35.22633419        0.1603000000
   66.72365700   35.30863871        0.1603000000
   66.87919000   35.39094323        0.1603000000
   67.03472300   35.47324775        0.1603000000
   67.19025600   35.55555227        0.1603000000
   67.34578900   35.63785679        0.1603000000
   67.50132200   35.72016131        0.1603000000
   67.65685500   35.80246583        0.1603000000
   67.81238800   35.88477035        0.1602989453
   67.96792100   35.96707487        0.1602970621
   68.12345400   36.04937938        0.1602959934
   68.27898700   36.13168390        0.1602951235
   68.43452000   36.21398842        0.1602943957
   68.59005300   36.29629294        0.1602937172
   68.74558600   36.37859746        0.1602930951
   68.90111900   36.46090198        0.1602924884
   69.05665200   36.54320650        0.1602919207
   69.21218500   36.62551102        0.1602913006
   69.36771800   36.70781554        0.1602903935
   69.52325100   36.79012006        0.1602900000
   69.67878400   36.87242458        0.1602900000
   69.83431700   36.95472910        0.1602900000
   69.98985000   37.03703361        0.1602900000
   70.14538300   37.11933813        0.1602900000
   70.30091600   37.20164265        0.1602900000
   70.45644900   37.28394717        0.1602900000
   70.61198200   37.36625169        0.1602900000
   70.76751500   37.44855621        0.1602900000
   70.92304800   37.53086073        0.1602900000
   71.07858100   37.61316525        0.1602901997
   71.23411400   37.69546977        0.1602905078
   71.38964700   37.77777429        0.1602909462
   71.54518000   37.86007881        0.1602912760
   71.70071300   37.94238333        0.1602915460
   71.85624600   38.02468784        0.1602917708
   72.01177900   38.10699236        0.1602919671
   72.16731200   38.18929688        0.1602921537
   72.32284500   38.27160140        0.1602923177
   72.47837800   38.35390592        0.1602924701
   72.63391100   38.43621044        0.1602926128
   72.78944400   38.51851496        0.1602927479
   72.94497700   38.60081948        0.1602928704
   73.10051000   38.68312400        0.1603567795
   73.25604300   38.76542852        0.1605479601
   73.41157600   38.84773304        0.1608357480
   73.56710900   38.93003755        0.1611766575
   73.72264200   39.01234207        0.1615193972
   73.87817500   39.09464659        0.1618058699
   74.03370800   39.17695111        0.1619974966
   74.18924100   39.25925563        0.1620648008
   74.34477400   39.34156015        0.1620647864
   74.50030700   39.42386467        0.1620645399
   74.65584000   39.50616919        0.1620642877
   74.81137300   39.58847371        0.1620640177
   74.96690600   39.67077823        0.1620638609
   75.12243900   39.75308275        0.1620637898
   75.27797200   39.83538727        0.1620638004
   75.43350500   39.91769178        0.1620639984
