    0.00000000    0.00000000        0.1219963730
    0.15553300    0.08230452        0.1219944917
    0.31106600    0.16460904        0.1219923688
    0.46659900    0.24691356        0.1219904475
    0.62213200    0.32921808        0.1219887867
    0.77766500    0.41152260        0.1219873293
    0.93319800    0.49382711        0.1219858898
    1.08873100    0.57613163        0.1219846267
    1.24426400    0.65843615        0.1219835089
    1.39979700    0.74074067        0.1219824653
    1.55533000    0.82304519        0.1219812408
    1.71086300    0.90534971        0.1219802160
    1.86639600    0.98765423        0.1219794006
    2.02192900    1.06995875        0.1219787635
    2.17746200    1.15226327        0.1219781983
    2.33299500    1.23456779        0.1219776278
    2.48852800    1.31687231        0.1219771537
    2.64406100    1.39917683        0.1219767602
    2.79959400    1.48148134        0.1219764390
    2.95512700    1.56378586        0.1219761082
    3.11066000    1.64609038        0.1219757755
    3.26619300    1.72839490        0.1219755845
    3.42172600    1.81069942        0.1219754741
    3.57725900    1.89300394        0.1219753950
    3.73279200    1.97530846        0.1219752715
    3.88832500    2.05761298        0.1219752353
    4.04385800    2.13991750        0.1227847926
    4.19939100    2.22222202        0.1251032615
    4.35492400    2.30452654        0.1285952199
    4.51045700    2.38683106        0.1327432957
    4.66599000    2.46913557        0.1368914603
    4.82152300    2.55144009        0.1403834452
    4.97705600    2.63374461        0.1427018007
    5.13258900    2.71604913        0.1435114005
    5.28812200    2.79835365        0.1435113344
    5.44365500    2.88065817        0.1435112838
    5.59918800    2.96296269        0.1435111873
    5.75472100    3.04526721        0.1435110557
    5.91025400    3.12757173        0.1435108449
    6.06578700    3.20987625        0.1435106756
    6.22132000    3.29218077        0.1435103704
    6.37685300    3.37448528        0.1435100588
    6.53238600    3.45678980        0.1435096697
    6.68791900    3.53909432        0.1435092062
    6.84345200    3.62139884        0.1435086550
    6.99898500    3.70370336        0.1435081072
    7.15451800    3.78600788        0.1435073934
    7.31005100    3.86831240        0.1435066122
    7.46558400    3.95061692        0.1435056882
    7.62111700    4.03292144        0.1435047463
    7.77665000    4.11522596        0.1435036656
    7.93218300    4.19753048        0.1435024359
    8.08771600    4.27983500        0.1435011261
    8.24324900    4.36213951        0.1434996817
    8.39878200    4.44444403        0.1434981293
    8.55431500    4.52674855        0.1434964072
    8.70984800    4.60905307        0.1434945607
    8.86538100    4.69135759        0.1434925420
    9.02091400    4.77366211        0.1434904046
    9.17644700    4.85596663        0.1434881101
    9.33198000    4.93827115        0.1434856713
    9.48751300    5.02057567        0.1434830199
    9.64304600    5.10288019        0.1434802112
    9.79857900    5.18518471        0.1434771875
    9.95411200    5.26748923        0.1434739805
   10.10964500    5.34979374        0.1434705715
   10.26517800    5.43209826        0.1434669579
   10.42071100    5.51440278        0.1434631121
   10.57624400    5.59670730        0.1434589911
   10.73177700    5.67901182        0.1434545385
   10.88731000    5.76131634        0.1434497024
   11.04284300    5.84362086        0.1434444811
   11.19837600    5.92592538        0.1434386740
   11.35390900    6.00822990        0.1434322584
   11.50944200    6.09053442        0.1434249855
   11.66497500    6.17283894        0.1434165996
   11.82050800    6.25514345        0.1434067752
   11.97604100    6.33744797        0.1433950087
   12.13157400    6.41975249        0.1433807432
   12.28710700    6.50205701        0.1433631612
   12.44264000    6.58436153        0.1433412505
   12.59817300    6.66666605        0.1433135595
   12.75370600    6.74897057        0.1432783032
   12.90923900    6.83127509        0.1432332533
   13.06477200    6.91357961        0.1431754524
   13.22030500    6.99588413        0.1431011627
   13.37583800    7.07818865        0.1430055059
   13.53137100    7.16049317        0.1428825351
   13.68690400    7.24279768        0.1427247043
   13.84243700    7.32510220        0.1425223601
   13.99797000    7.40740672        0.1422634823
   14.15350300    7.48971124        0.1419328270
   14.30903600    7.57201576        0.1415113085
   14.46456900    7.65432028        0.1409747198
   14.62010200    7.73662480        0.1402925313
   14.77563500    7.81892932        0.1394259112
   14.93116800    7.90123384        0.1383254842
   15.08670100    7.98353836        0.1369284798
   15.24223400    8.06584288        0.1351547835
   15.39776700    8.14814740        0.1329025222
   15.55330000    8.23045191        0.1300419969
   15.70883300    8.31275643        0.1264086504
   15.86436600    8.39506095        0.1217935262
   16.01989900    8.47736547        0.1159316175
   16.17543200    8.55966999        0.1084865500
   16.33096500    8.64197451        0.0990303191
   16.48649800    8.72427903        0.0870180005
   16.64203100    8.80658355        0.0717565855
   16.79756400    8.88888807        0.0523721674
   16.95309700    8.97119259        0.0277809089
   17.10863000    9.05349711       -0.0033218641
   17.26416300    9.13580162       -0.0424357451
   17.41969600    9.21810614       -0.0911632345
   17.57522900    9.30041066       -0.1510128982
   17.73076200    9.38271518       -0.2230403068
   17.88629500    9.46501970       -0.3072680378
   18.04182800    9.54732422       -0.4018864660
   18.19736100    9.62962874       -0.5024395005
   18.35289400    9.71193326       -0.6014788637
   18.50842700    9.79423778       -0.6892313725
   18.66396000    9.87654230       -0.7553886125
   18.81949300    9.95884682       -0.7914279804
   18.97502600   10.04115134       -0.7925881575
   19.13055900   10.12345585       -0.7589336656
   19.28609200   10.20576037       -0.6953654840
   19.44162500   10.28806489       -0.6105737019
   19.59715800   10.37036941       -0.5150786240
   19.75269100   10.45267393       -0.4189174691
   19.90822400   10.53497845       -0.3298652200
   20.06375700   10.61728297       -0.2527763404
   20.21929000   10.69958749       -0.1899439816
   20.37482300   10.78189201       -0.1419321778
   20.53035600   10.86419653       -0.1083970567
   20.68588900   10.94650105       -0.0886939191
   20.84142200   11.02880557       -0.0822605538
   20.99695500   11.11111008       -0.0888272679
   21.15248800   11.19341460       -0.1084926593
   21.30802100   11.27571912       -0.1416772104
   21.46355400   11.35802364       -0.1889467099
   21.61908700   11.44032816       -0.2506713077
   21.77462000   11.52263268       -0.3264704102
   21.93015300   11.60493720       -0.4144322400
   22.08568600   11.68724172       -0.5102637840
   22.24121900   11.76954624       -0.6068068499
   22.39675200   11.85185076       -0.6944815677
   22.55228500   11.93415528       -0.7628732924
   22.70781800   12.01645979       -0.8029895435
   22.86335100   12.09876431       -0.8093127570
   23.01888400   12.18106883       -0.7810119517
   23.17441700   12.26337335       -0.7221270431
   23.32995000   12.34567787       -0.6407150443
   23.48548300   12.42798239       -0.5470573130
   23.64101600   12.51028691       -0.4513774321
   23.79654900   12.59259143       -0.3619219294
   23.95208200   12.67489595       -0.2840929467
   24.10761500   12.75720047       -0.2206440523
   24.26314800   12.83950499       -0.1724483581
   24.41868100   12.92180951       -0.1393105274
   24.57421400   13.00411402       -0.1205595948
   24.72974700   13.08641854       -0.1153730714
   24.88528000   13.16872306       -0.1228645114
   25.04081300   13.25102758       -0.1419922494
   25.19634600   13.33333210       -0.1713913270
   25.35187900   13.41563662       -0.2093035700
   25.50741200   13.49794114       -0.2537577335
   25.66294500   13.58024566       -0.3027073470
   25.81847800   13.66255018       -0.3533117495
   25.97401100   13.74485470       -0.4007719759
   26.12954400   13.82715922       -0.4387640897
   26.28507700   13.90946374       -0.4616964751
   26.44061000   13.99176825       -0.4670998936
   26.59614300   14.07407277       -0.4559683891
   26.75167600   14.15637729       -0.4310090891
   26.90720900   14.23868181       -0.3953977091
   27.06274200   14.32098633       -0.3528831859
   27.21827500   14.40329085       -0.3081586569
   27.37380800   14.48559537       -0.2663746807
   27.52934100   14.56789989       -0.2321161634
   27.68487400   14.65020441       -0.2087177418
   27.84040700   14.73250893       -0.1981367327
   27.99594000   14.81481345       -0.2011287674
   28.15147300   14.89711796       -0.2174326863
   28.30700600   14.97942248       -0.2458536066
   28.46253900   15.06172700       -0.2842966396
   28.61807200   15.14403152       -0.3298293723
   28.77360500   15.22633604       -0.3787160489
   28.92913800   15.30864056       -0.4263860514
   29.08467100   15.39094508       -0.4674924944
   29.24020400   15.47324960       -0.4966729725
   29.39573700   15.55555412       -0.5101284523
   29.55127000   15.63785864       -0.5065223793
   29.70680300   15.72016316       -0.4867683721
   29.86233600   15.80246768       -0.4533567678
   30.01786900   15.88477219       -0.4098722565
   30.17340200   15.96707671       -0.3608294605
   30.32893500   16.04938123       -0.3111304465
   30.48446800   16.13168575       -0.2651343324
   30.64000100   16.21399027       -0.2261860797
   30.79553400   16.29629479       -0.1966864821
   30.95106700   16.37859931       -0.1781431008
   31.10660000   16.46090383       -0.1711132410
   31.26213300   16.54320835       -0.1751901572
   31.41766600   16.62551287       -0.1891007530
   31.57319900   16.70781739       -0.2109904391
   31.72873200   16.79012191       -0.2388504213
   31.88426500   16.87242642       -0.2706454643
   32.03979800   16.95473094       -0.3037527187
   32.19533100   17.03703546       -0.3343663869
   32.35086400   17.11933998       -0.3581471619
   32.50639700   17.20164450       -0.3720712593
   32.66193000   17.28394902       -0.3755864439
   32.81746300   17.36625354       -0.3700732880
   32.97299600   17.44855806       -0.3573895317
   33.12852900   17.53086258       -0.3390197082
   33.28406200   17.61316710       -0.3165242522
   33.43959500   17.69547162       -0.2920653643
   33.59512800   17.77777613       -0.2683644397
   33.75066100   17.86008065       -0.2482949874
   33.90619400   17.94238517       -0.2343500524
   34.06172700   18.02468969       -0.2282447459
   34.21726000   18.10699421       -0.2308009204
   34.37279300   18.18929873       -0.2420894819
   34.52832600   18.27160325       -0.2615222332
   34.68385900   18.35390777       -0.2874831669
   34.83939200   18.43621229       -0.3169685662
   34.99492500   18.51851681       -0.3462483662
   35.15045800   18.60082133       -0.3719260733
   35.30599100   18.68312585       -0.3913404289
   35.46152400   18.76543036       -0.4023860782
   35.61705700   18.84773488       -0.4033275449
   35.77259000   18.93003940       -0.3933121130
   35.92812300   19.01234392       -0.3726885108
   36.08365600   19.09464844       -0.3426905772
   36.23918900   19.17695296       -0.3049254042
   36.39472200   19.25925748       -0.2612980291
   36.55025500   19.34156200       -0.2142481833
   36.70578800   19.42386652       -0.1666083965
   36.86132100   19.50617104       -0.1210980165
   37.01685400   19.58847556       -0.0796953306
   37.17238700   19.67078008       -0.0433367994
   37.32792000   19.75308459       -0.0121936813
   37.48345300   19.83538911        0.0139596389
   37.63898600   19.91769363        0.0355612538
   37.79451900   19.99999815        0.0531661173
   37.95005200   20.08230267        0.0673716537
   38.10558500   20.16460719        0.0787578848
   38.26111800   20.24691171        0.0878483742
   38.41665100   20.32921623        0.0950917334
   38.57218400   20.41152075        0.1008589898
   38.72771700   20.49382527        0.1054503083
   38.88325000   20.57612979        0.1091057891
   39.03878300   20.65843430        0.1120164764
   39.19431600   20.74073882        0.1143341779
   39.34984900   20.82304334        0.1161796630
   39.50538200   20.90534786        0.1176490507
   39.66091500   20.98765238        0.1188186531
   39.81644800   21.06995690        0.1197492540
   39.97198100   21.15226142        0.1204893945
   40.12751400   21.23456594        0.1210773815
   40.28304700   21.31687046        0.1215440423
   40.43858000   21.39917498        0.1219137107
   40.59411300   21.48147950        0.1222058671
   40.74964600   21.56378402        0.1224361836
   40.90517900   21.64608853        0.1226170322
   41.06071200   21.72839305        0.1227585047
   41.21624500   21.81069757        0.1228686044
   41.37177800   21.89300209        0.1229537370
   41.52731100   21.97530661        0.1230191822
   41.68284400   22.05761113        0.1230689815
   41.83837700   22.13991565        0.1231065268
   41.99391000   22.22222017        0.1231344878
   42.14944300   22.30452469        0.1231548920
   42.30497600   22.38682921        0.1231695684
   42.46050900   22.46913373        0.1231797579
   42.61604200   22.55143825        0.1231864815
   42.77157500   22.63374276        0.1231907108
   42.92710800   22.71604728        0.1231929114
   43.08264100   22.79835180        0.1231937206
   43.23817400   22.88065632        0.1231934008
   43.39370700   22.96296084        0.1231923230
   43.54924000   23.04526536        0.1231907292
   43.70477300   23.12756988        0.1231887823
   43.86030600   23.20987440        0.1231865321
   44.01583900   23.29217892        0.1231841556
   44.17137200   23.37448344        0.1231817028
   44.32690500   23.45678796        0.1231791802
   44.48243800   23.53909248        0.1231766266
   44.63797100   23.62139699        0.1231741262
   44.79350400   23.70370151        0.1231716744
   44.94903700   23.78600603        0.1231692597
   45.10457000   23.86831055        0.1231668861
   45.26010300   23.95061507        0.1231645954
   45.41563600   24.03291959        0.1231623312
   45.57116900   24.11522411        0.1231601591
   45.72670200   24.19752863        0.1231580503
   45.88223500   24.27983315        0.1231559746
   46.03776800   24.36213767        0.1231539357
   46.19330100   24.44444219        0.1231520139
   46.34883400   24.52674670        0.1231501230
   46.50436700   24.60905122        0.1231482595
   46.65990000   24.69135574        0.1231464651
   46.81543300   24.77366026        0.1231446870
   46.97096600   24.85596478        0.1231429702
   47.12649900   24.93826930        0.1231413272
   47.28203200   25.02057382        0.1231396460
   47.43756500   25.10287834        0.1231380295
   47.59309800   25.18518286        0.1231364550
   47.74863100   25.26748738        0.1231349117
   47.90416400   25.34979190        0.1231333893
   48.05969700   25.43209642        0.1231319314
   48.21523000   25.51440093        0.1231304360
   48.37076300   25.59670545        0.1231289887
   48.52629600   25.67900997        0.1231275465
   48.68182900   25.76131449        0.1231261632
   48.83736200   25.84361901        0.1231247161
   48.99289500   25.92592353        0.1231233560
   49.14842800   26.00822805        0.1231219758
   49.30396100   26.09053257        0.1231205671
   49.45949400   26.17283709        0.1231192081
   49.61502700   26.25514161        0.1231178467
   49.77056000   26.33744613        0.1231164660
   49.92609300   26.41975065        0.1231150887
   50.08162600   26.50205516        0.1231136473
   50.23715900   26.58435968        0.1231123028
   50.39269200   26.66666420        0.1231108763
   50.54822500   26.74896872        0.1231093851
   50.70375800   26.83127324        0.1231079075
   50.85929100   26.91357776        0.1231064014
   51.01482400   26.99588228        0.1231048929
   51.17035700   27.07818680        0.1231032740
   51.32589000   27.16049132        0.1231016594
   51.48142300   27.24279584        0.1231000140
   51.63695600   27.32510036        0.1230982909
   51.79248900   27.40740487        0.1230965731
   51.94802200   27.48970939        0.1230947622
   52.10355500   27.57201391        0.1230928173
   52.25908800   27.65431843        0.1230908840
   52.41462100   27.73662295        0.1230888503
   52.57015400   27.81892747        0.1230867699
   52.72568700   27.90123199        0.1230846079
   52.88122000   27.98353651        0.1230823389
   53.03675300   28.06584103        0.1230800169
   53.19228600   28.14814555        0.1230775429
   53.34781900   28.23045007        0.1230750550
   53.50335200   28.31275459        0.1230723790
   53.65888500   28.39505910        0.1230696518
   53.81441800   28.47736362        0.1230667925
   53.96995100   28.55966814        0.1230638725
   54.12548400   28.64197266        0.1230607706
   54.28101700   28.72427718        0.1230575391
   54.43655000   28.80658170        0.1230542323
   54.59208300   28.88888622        0.1230508111
   54.74761600   28.97119074        0.1230472319
   54.90314900   29.05349526        0.1230434703
   55.05868200   29.13579978        0.1230396677
   55.21421500   29.21810430        0.1230356477
   55.36974800   29.30040882        0.1230315828
   55.52528100   29.38271333        0.1230273023
   55.68081400   29.46501785        0.1230229085
   55.83634700   29.54732237        0.1230183300
   55.99188000   29.62962689        0.1230135122
   56.14741300   29.71193141        0.1230086994
   56.30294600   29.79423593        0.1230037404
   56.45847900   29.87654045        0.1229984635
   56.61401200   29.95884497        0.1229931236
   56.76954500   30.04114949        0.1229876534
   56.92507800   30.12345401        0.1229820259
   57.08061100   30.20575853        0.1229762341
   57.23614400   30.28806304        0.1229701892
   57.39167700   30.37036756        0.1229639424
   57.54721000   30.45267208        0.1229578154
   57.70274300   30.53497660        0.1229512717
   57.85827600   30.61728112        0.1229446856
   58.01380900   30.69958564        0.1229377922
   58.16934200   30.78189016        0.1229309703
   58.32487500   30.86419468        0.1229237601
   58.48040800   30.94649920        0.1229165326
   58.63594100   31.02880372        0.1229090760
   58.79147400   31.11110824        0.1229016088
   58.94700700   31.19341276        0.1228938884
   59.10254000   31.27571727        0.1228858439
   59.25807300   31.35802179        0.1228779234
   59.41360600   31.44032631        0.1228697217
   59.56913900   31.52263083        0.1228610918
   59.72467200   31.60493535        0.1228524749
   59.88020500   31.68723987        0.1228439009
   60.03573800   31.76954439        0.1228354716
   60.19127100   31.85184891        0.1228265249
   60.34680400   31.93415343        0.1228174007
   60.50233700   32.01645795        0.1228081670
   60.65787000   32.09876247        0.1227988465
   60.81340300   32.18106699        0.1227894256
   60.96893600   32.26337150        0.1227799262
   61.12446900   32.34567602        0.1227702474
   61.28000200   32.42798054        0.1227604321
   61.43553500   32.51028506        0.1227505580
   61.59106800   32.59258958        0.1227406144
   61.74660100   32.67489410        0.1227305763
   61.90213400   32.75719862        0.1227204128
   62.05766700   32.83950314        0.1227100714
   62.21320000   32.92180766        0.1226994936
   62.36873300   33.00411218        0.1226889062
   62.52426600   33.08641670        0.1226782759
   62.67979900   33.16872121        0.1226675714
   62.83533200   33.25102573        0.1226568065
   62.99086500   33.33333025        0.1226459756
   63.14639800   33.41563477        0.1226354138
   63.30193100   33.49793929        0.1226249306
   63.45746400   33.58024381        0.1226143779
   63.61299700   33.66254833        0.1226037076
   63.76853000   33.74485285        0.1225926939
   63.92406300   33.82715737        0.1225812133
   64.07959600   33.90946189        0.1225698717
   64.23512900   33.99176641        0.1225584640
   64.39066200   34.07407093        0.1225475309
   64.54619500   34.15637544        0.1225363648
   64.70172800   34.23867996        0.1225254017
   64.85726100   34.32098448        0.1225144035
   65.01279400   34.40328900        0.1225031723
   65.16832700   34.48559352        0.1224916821
   65.32386000   34.56789804        0.1224806327
   65.47939300   34.65020256        0.1224700000
   65.63492600   34.73250708        0.1224595341
   65.79045900   34.81481160        0.1224487215
   65.94599200   34.89711612        0.1224377233
   66.10152500   34.97942064        0.1224262876
   66.25705800   35.06172516        0.1224150772
   66.41259100   35.14402967        0.1224038392
   66.56812400   35.22633419        0.1223924122
   66.72365700   35.30863871        0.1223814738
   66.87919000   35.39094323        0.1223707509
   67.03472300   35.47324775        0.1223601751
   67.19025600   35.55555227        0.1223500000
   67.34578900   35.63785679        0.1223400000
   67.50132200   35.72016131        0.1223300000
   67.65685500   35.80246583        0.1223200000
   67.81238800   35.88477035        0.1223100000
   67.96792100   35.96707487        0.1223000000
   68.12345400   36.04937938        0.1222900000
   68.27898700   36.13168390        0.1222800000
   68.43452000   36.21398842        0.1222700000
   68.59005300   36.29629294        0.1222600000
   68.74558600   36.37859746        0.1222503111
   68.90111900   36.46090198        0.1222409968
   69.05665200   36.54320650        0.1222319010
   69.21218500   36.62551102        0.1222231510
   69.36771800   36.70781554        0.1222152127
   69.52325100   36.79012006        0.1222073110
   69.67878400   36.87242458        0.1221987625
   69.83431700   36.95472910        0.1221899648
   69.98985000   37.03703361        0.1221805556
   70.14538300   37.11933813        0.1221721875
   70.30091600   37.20164265        0.1221648703
   70.45644900   37.28394717        0.1221577103
   70.61198200   37.36625169        0.1221495134
   70.76751500   37.44855621        0.1221417241
   70.92304800   37.53086073        0.1221345771
   71.07858100   37.61316525        0.1221277551
   71.23411400   37.69546977        0.1221207764
   71.38964700   37.77777429        0.1221135450
   71.54518000   37.86007881        0.1221071817
   71.70071300   37.94238333        0.1221008734
   71.85624600   38.02468784        0.1220944406
   72.01177900   38.10699236        0.1220883295
   72.16731200   38.18929688        0.1220826534
   72.32284500   38.27160140        0.1220764834
   72.47837800   38.35390592        0.1220712177
   72.63391100   38.43621044        0.1220655199
   72.78944400   38.51851496        0.1220606173
   72.94497700   38.60081948        0.1220555247
   73.10051000   38.68312400        0.1220507118
   73.25604300   38.76542852        0.1220462143
   73.41157600   38.84773304        0.1220414193
   73.56710900   38.93003755        0.1220375280
   73.72264200   39.01234207        0.1220329360
   73.87817500   39.09464659        0.1220293465
   74.03370800   39.17695111        0.1220255396
   74.18924100   39.25925563        0.1220215895
   74.34477400   39.34156015        0.1220185836
   74.50030700   39.42386467        0.1220151056
   74.65584000   39.50616919        0.1220119637
   74.81137300   39.58847371        0.1220089583
   74.96690600   39.67077823        0.1220060147
   75.12243900   39.75308275        0.1220036863
   75.27797200   39.83538727        0.1220011232
   75.43350500   39.91769178        0.1219985026
