    0.00000000    0.00000000        0.0889094522
    0.15553300    0.08230452        0.0889093054
    0.31106600    0.16460904        0.0889091639
    0.46659900    0.24691356        0.0889090145
    0.62213200    0.32921808        0.0889088522
    0.77766500    0.41152260        0.0889086900
    0.93319800    0.49382711        0.0889085277
    1.08873100    0.57613163        0.0889083475
    1.24426400    0.65843615        0.0889081737
    1.39979700    0.74074067        0.0889079889
    1.55533000    0.82304519        0.0889078012
    1.71086300    0.90534971        0.0889076164
    1.86639600    0.98765423        0.0889074239
    2.02192900    1.06995875        0.0889072331
    2.17746200    1.15226327        0.0889070316
    2.33299500    1.23456779        0.0889068400
    2.48852800    1.31687231        0.0889066326
    2.64406100    1.39917683        0.0889064396
    2.79959400    1.48148134        0.0889062378
    2.95512700    1.56378586        0.0889060570
    3.11066000    1.64609038        0.0889058588
    3.26619300    1.72839490        0.0889056672
    3.42172600    1.81069942        0.0889054723
    3.57725900    1.89300394        0.0889052908
    3.73279200    1.97530846        0.0889051118
    3.88832500    2.05761298        0.0889049331
    4.04385800    2.13991750        0.0889047631
    4.19939100    2.22222202        0.0889045951
    4.35492400    2.30452654        0.0889044404
    4.51045700    2.38683106        0.0889042852
    4.66599000    2.46913557        0.0889041407
    4.82152300    2.55144009        0.0889039990
    4.97705600    2.63374461        0.0889038720
    5.13258900    2.71604913        0.0889037494
    5.28812200    2.79835365        0.0889036342
    5.44365500    2.88065817        0.0889035238
    5.59918800    2.96296269        0.0889034302
    5.75472100    3.04526721        0.0889033482
    5.91025400    3.12757173        0.0889032696
    6.06578700    3.20987625        0.0889032029
    6.22132000    3.29218077        0.0889031459
    6.37685300    3.37448528        0.0889030951
    6.53238600    3.45678980        0.0889030600
    6.68791900    3.53909432        0.0889030327
    6.84345200    3.62139884        0.0889030160
    6.99898500    3.70370336        0.0889030101
    7.15451800    3.78600788        0.0889030112
    7.31005100    3.86831240        0.0889030206
    7.46558400    3.95061692        0.0889030380
    7.62111700    4.03292144        0.0889030709
    7.77665000    4.11522596        0.0889031092
    7.93218300    4.19753048        0.0889031575
    8.08771600    4.27983500        0.0889032169
    8.24324900    4.36213951        0.0889032825
    8.39878200    4.44444403        0.0889033573
    8.55431500    4.52674855        0.0889034392
    8.70984800    4.60905307        0.0889035270
    8.86538100    4.69135759        0.0889036222
    9.02091400    4.77366211        0.0889037280
    9.17644700    4.85596663        0.0889038336
    9.33198000    4.93827115        0.0889039475
    9.48751300    5.02057567        0.0889040621
    9.64304600    5.10288019        0.0889041852
    9.79857900    5.18518471        0.0889043011
    9.95411200    5.26748923        0.0889044166
   10.10964500    5.34979374        0.0889045238
   10.26517800    5.43209826        0.0889046162
   10.42071100    5.51440278        0.0889046811
   10.57624400    5.59670730        0.0889047033
   10.73177700    5.67901182        0.0889046775
   10.88731000    5.76131634        0.0889045469
   11.04284300    5.84362086        0.0889042920
   11.19837600    5.92592538        0.0889038550
   11.35390900    6.00822990        0.0889031513
   11.50944200    6.09053442        0.0889020826
   11.66497500    6.17283894        0.0889004907
   11.82050800    6.25514345        0.0888981953
   11.97604100    6.33744797        0.0888949162
   12.13157400    6.41975249        0.0888903149
   12.28710700    6.50205701        0.0888839326
   12.44264000    6.58436153        0.0888751573
   12.59817300    6.66666605        0.0888632035
   12.75370600    6.74897057        0.0888470432
   12.90923900    6.83127509        0.0888253577
   13.06477200    6.91357961        0.0887964597
   13.22030500    6.99588413        0.0887581983
   13.37583800    7.07818865        0.0887078262
   13.53137100    7.16049317        0.0886418891
   13.68690400    7.24279768        0.0885559812
   13.84243700    7.32510220        0.0884445724
   13.99797000    7.40740672        0.0883006640
   14.15350300    7.48971124        0.0881154188
   14.30903600    7.57201576        0.0878776559
   14.46456900    7.65432028        0.0875732103
   14.62010200    7.73662480        0.0871840836
   14.77563500    7.81892932        0.0866873251
   14.93116800    7.90123384        0.0860536826
   15.08670100    7.98353836        0.0852457262
   15.24223400    8.06584288        0.0842156357
   15.39776700    8.14814740        0.0829022563
   15.55330000    8.23045191        0.0812276047
   15.70883300    8.31275643        0.0790922867
   15.86436600    8.39506095        0.0763698533
   16.01989900    8.47736547        0.0728994079
   16.17543200    8.55966999        0.0684761273
   16.33096500    8.64197451        0.0628387152
   16.48649800    8.72427903        0.0556536009
   16.64203100    8.80658355        0.0464956727
   16.79756400    8.88888807        0.0348273870
   16.95309700    8.97119259        0.0199804060
   17.10863000    9.05349711        0.0011473636
   17.26416300    9.13580162       -0.0226041433
   17.41969600    9.21810614       -0.0522786312
   17.57522900    9.30041066       -0.0888366808
   17.73076200    9.38271518       -0.1329827928
   17.88629500    9.46501970       -0.1848189712
   18.04182800    9.54732422       -0.2433687634
   18.19736100    9.62962874       -0.3060865252
   18.35289400    9.71193326       -0.3686487949
   18.50842700    9.79423778       -0.4253526011
   18.66396000    9.87654230       -0.4702009856
   18.81949300    9.95884682       -0.4983238598
   18.97502600   10.04115134       -0.5072056787
   19.13055900   10.12345585       -0.4973610661
   19.28609200   10.20576037       -0.4723558819
   19.44162500   10.28806489       -0.4381630443
   19.59715800   10.37036941       -0.4019441488
   19.75269100   10.45267393       -0.3705992016
   19.90822400   10.53497845       -0.3495913779
   20.06375700   10.61728297       -0.3423615381
   20.21929000   10.69958749       -0.3502282912
   20.37482300   10.78189201       -0.3724211330
   20.53035600   10.86419653       -0.4060672700
   20.68588900   10.94650105       -0.4462580502
   20.84142200   11.02880557       -0.4865480088
   20.99695500   11.11111008       -0.5200435372
   21.15248800   11.19341460       -0.5408391150
   21.30802100   11.27571912       -0.5452895117
   21.46355400   11.35802364       -0.5327518896
   21.61908700   11.44032816       -0.5056826913
   21.77462000   11.52263268       -0.4690842910
   21.93015300   11.60493720       -0.4293393863
   22.08568600   11.68724172       -0.3927070930
   22.24121900   11.76954624       -0.3640148304
   22.39675200   11.85185076       -0.3460212927
   22.55228500   11.93415528       -0.3395383522
   22.70781800   12.01645979       -0.3439018329
   22.86335100   12.09876431       -0.3570145009
   23.01888400   12.18106883       -0.3749458473
   23.17441700   12.26337335       -0.3925195365
   23.32995000   12.34567787       -0.4050358312
   23.48548300   12.42798239       -0.4097770731
   23.64101600   12.51028691       -0.4063683412
   23.79654900   12.59259143       -0.3958460093
   23.95208200   12.67489595       -0.3800718232
   24.10761500   12.75720047       -0.3617203514
   24.26314800   12.83950499       -0.3439509508
   24.41868100   12.92180951       -0.3296422672
   24.57421400   13.00411402       -0.3207331272
   24.72974700   13.08641854       -0.3181354468
   24.88528000   13.16872306       -0.3217956432
   25.04081300   13.25102758       -0.3300292354
   25.19634600   13.33333210       -0.3390317293
   25.35187900   13.41563662       -0.3444977350
   25.50741200   13.49794114       -0.3440872846
   25.66294500   13.58024566       -0.3383086664
   25.81847800   13.66255018       -0.3292701184
   25.97401100   13.74485470       -0.3188474734
   26.12954400   13.82715922       -0.3086563318
   26.28507700   13.90946374       -0.3009308030
   26.44061000   13.99176825       -0.2983965148
   26.59614300   14.07407277       -0.3033357816
   26.75167600   14.15637729       -0.3166830384
   26.90720900   14.23868181       -0.3378648783
   27.06274200   14.32098633       -0.3653468357
   27.21827500   14.40329085       -0.3969605208
   27.37380800   14.48559537       -0.4298543116
   27.52934100   14.56789989       -0.4606527974
   27.68487400   14.65020441       -0.4861935905
   27.84040700   14.73250893       -0.5044157360
   27.99594000   14.81481345       -0.5146830747
   28.15147300   14.89711796       -0.5175006278
   28.30700600   14.97942248       -0.5143679393
   28.46253900   15.06172700       -0.5075362729
   28.61807200   15.14403152       -0.4989925695
   28.77360500   15.22633604       -0.4892841410
   28.92913800   15.30864056       -0.4774382565
   29.08467100   15.39094508       -0.4617630661
   29.24020400   15.47324960       -0.4406965091
   29.39573700   15.55555412       -0.4132654012
   29.55127000   15.63785864       -0.3790422640
   29.70680300   15.72016316       -0.3384073939
   29.86233600   15.80246768       -0.2927866450
   30.01786900   15.88477219       -0.2444551115
   30.17340200   15.96707671       -0.1961233511
   30.32893500   16.04938123       -0.1503498270
   30.48446800   16.13168575       -0.1090180139
   30.64000100   16.21399027       -0.0731252681
   30.79553400   16.29629479       -0.0428814297
   30.95106700   16.37859931       -0.0179587033
   31.10660000   16.46090383        0.0022543241
   31.26213300   16.54320835        0.0184670669
   31.41766600   16.62551287        0.0313759985
   31.57319900   16.70781739        0.0416084574
   31.72873200   16.79012191        0.0497002470
   31.88426500   16.87242642        0.0560931890
   32.03979800   16.95473094        0.0611432839
   32.19533100   17.03703546        0.0651333948
   32.35086400   17.11933998        0.0682867122
   32.50639700   17.20164450        0.0707789861
   32.66193000   17.28394902        0.0727487421
   32.81746300   17.36625354        0.0743053135
   32.97299600   17.44855806        0.0755351352
   33.12852900   17.53086258        0.0765065622
   33.28406200   17.61316710        0.0772736592
   33.43959500   17.69547162        0.0778791635
   33.59512800   17.77777613        0.0783568237
   33.75066100   17.86008065        0.0787333076
   33.90619400   17.94238517        0.0790296831
   34.06172700   18.02468969        0.0792626293
   34.21726000   18.10699421        0.0794453405
   34.37279300   18.18929873        0.0795882991
   34.52832600   18.27160325        0.0796998283
   34.68385900   18.35390777        0.0797865445
   34.83939200   18.43621229        0.0798537115
   34.99492500   18.51851681        0.0799055325
   35.15045800   18.60082133        0.0799453132
   35.30599100   18.68312585        0.0799757208
   35.46152400   18.76543036        0.0799988313
   35.61705700   18.84773488        0.0800163007
   35.77259000   18.93003940        0.0800294264
   35.92812300   19.01234392        0.0800392182
   36.08365600   19.09464844        0.0800464862
   36.23918900   19.17695296        0.0800518213
   36.39472200   19.25925748        0.0800557358
   36.55025500   19.34156200        0.0800585611
   36.70578800   19.42386652        0.0800605860
   36.86132100   19.50617104        0.0800620155
   37.01685400   19.58847556        0.0800630206
   37.17238700   19.67078008        0.0800637166
   37.32792000   19.75308459        0.0800641880
   37.48345300   19.83538911        0.0800645015
   37.63898600   19.91769363        0.0800647053
   37.79451900   19.99999815        0.0800648335
   37.95005200   20.08230267        0.0800649111
   38.10558500   20.16460719        0.0800649615
   38.26111800   20.24691171        0.0800649893
   38.41665100   20.32921623        0.0800649977
   38.57218400   20.41152075        0.0800650064
   38.72771700   20.49382527        0.0800650142
   38.88325000   20.57612979        0.0800650230
   39.03878300   20.65843430        0.0800650262
   39.19431600   20.74073882        0.0800650379
   39.34984900   20.82304334        0.0800650516
   39.50538200   20.90534786        0.0800650603
   39.66091500   20.98765238        0.0800650774
   39.81644800   21.06995690        0.0800650887
   39.97198100   21.15226142        0.0800651025
   40.12751400   21.23456594        0.0800651140
   40.28304700   21.31687046        0.0800651296
   40.43858000   21.39917498        0.0800651350
   40.59411300   21.48147950        0.0800651388
   40.74964600   21.56378402        0.0800651448
   40.90517900   21.64608853        0.0800651453
   41.06071200   21.72839305        0.0800651368
   41.21624500   21.81069757        0.0800651245
   41.37177800   21.89300209        0.0800651105
   41.52731100   21.97530661        0.0800650885
   41.68284400   22.05761113        0.0800650607
   41.83837700   22.13991565        0.0800650257
   41.99391000   22.22222017        0.0800649901
   42.14944300   22.30452469        0.0800649457
   42.30497600   22.38682921        0.0800648935
   42.46050900   22.46913373        0.0800648350
   42.61604200   22.55143825        0.0800647774
   42.77157500   22.63374276        0.0800647166
   42.92710800   22.71604728        0.0800646448
   43.08264100   22.79835180        0.0800645716
   43.23817400   22.88065632        0.0800644970
   43.39370700   22.96296084        0.0800644148
   43.54924000   23.04526536        0.0800643295
   43.70477300   23.12756988        0.0800642417
   43.86030600   23.20987440        0.0800641529
   44.01583900   23.29217892        0.0800640663
   44.17137200   23.37448344        0.0800639736
   44.32690500   23.45678796        0.0800638776
   44.48243800   23.53909248        0.0800637912
   44.63797100   23.62139699        0.0800636999
   44.79350400   23.70370151        0.0800636077
   44.94903700   23.78600603        0.0800635166
   45.10457000   23.86831055        0.0800634274
   45.26010300   23.95061507        0.0800633474
   45.41563600   24.03291959        0.0800632606
   45.57116900   24.11522411        0.0800631830
   45.72670200   24.19752863        0.0800631068
   45.88223500   24.27983315        0.0800630357
   46.03776800   24.36213767        0.0800629644
   46.19330100   24.44444219        0.0800629009
   46.34883400   24.52674670        0.0800628363
   46.50436700   24.60905122        0.0800627790
   46.65990000   24.69135574        0.0800627264
   46.81543300   24.77366026        0.0800626811
   46.97096600   24.85596478        0.0800626405
   47.12649900   24.93826930        0.0800625978
   47.28203200   25.02057382        0.0800625663
   47.43756500   25.10287834        0.0800625422
   47.59309800   25.18518286        0.0800625194
   47.74863100   25.26748738        0.0800624948
   47.90416400   25.34979190        0.0800624789
   48.05969700   25.43209642        0.0800624694
   48.21523000   25.51440093        0.0800624616
   48.37076300   25.59670545        0.0800624605
   48.52629600   25.67900997        0.0800624580
   48.68182900   25.76131449        0.0800624640
   48.83736200   25.84361901        0.0800624677
   48.99289500   25.92592353        0.0800624754
   49.14842800   26.00822805        0.0800624789
   49.30396100   26.09053257        0.0800624921
   49.45949400   26.17283709        0.0800625035
   49.61502700   26.25514161        0.0800625138
   49.77056000   26.33744613        0.0800625282
   49.92609300   26.41975065        0.0800625404
   50.08162600   26.50205516        0.0800625497
   50.23715900   26.58435968        0.0800625578
   50.39269200   26.66666420        0.0800625650
   50.54822500   26.74896872        0.0800625690
   50.70375800   26.83127324        0.0800625694
   50.85929100   26.91357776        0.0800625748
   51.01482400   26.99588228        0.0800625610
   51.17035700   27.07818680        0.0800625497
   51.32589000   27.16049132        0.0800625348
   51.48142300   27.24279584        0.0800625198
   51.63695600   27.32510036        0.0800624905
   51.79248900   27.40740487        0.0800624543
   51.94802200   27.48970939        0.0800624159
   52.10355500   27.57201391        0.0800623652
   52.25908800   27.65431843        0.0800623073
   52.41462100   27.73662295        0.0800622466
   52.57015400   27.81892747        0.0800621666
   52.72568700   27.90123199        0.0800620847
   52.88122000   27.98353651        0.0800619950
   53.03675300   28.06584103        0.0800618876
   53.19228600   28.14814555        0.0800617774
   53.34781900   28.23045007        0.0800616509
   53.50335200   28.31275459        0.0800615144
   53.65888500   28.39505910        0.0800613666
   53.81441800   28.47736362        0.0800612046
   53.96995100   28.55966814        0.0800610324
   54.12548400   28.64197266        0.0800608547
   54.28101700   28.72427718        0.0800606553
   54.43655000   28.80658170        0.0800604491
   54.59208300   28.88888622        0.0800602242
   54.74761600   28.97119074        0.0800599955
   54.90314900   29.05349526        0.0800597486
   55.05868200   29.13579978        0.0800594867
   55.21421500   29.21810430        0.0800592230
   55.36974800   29.30040882        0.0800589332
   55.52528100   29.38271333        0.0800586334
   55.68081400   29.46501785        0.0800583170
   55.83634700   29.54732237        0.0800579988
   55.99188000   29.62962689        0.0800576578
   56.14741300   29.71193141        0.0800573117
   56.30294600   29.79423593        0.0800569486
   56.45847900   29.87654045        0.0800565735
   56.61401200   29.95884497        0.0800561893
   56.76954500   30.04114949        0.0800558010
   56.92507800   30.12345401        0.0800553792
   57.08061100   30.20575853        0.0800549592
   57.23614400   30.28806304        0.0800545285
   57.39167700   30.37036756        0.0800540828
   57.54721000   30.45267208        0.0800536281
   57.70274300   30.53497660        0.0800531802
   57.85827600   30.61728112        0.0800526858
   58.01380900   30.69958564        0.0800522126
   58.16934200   30.78189016        0.0800517314
   58.32487500   30.86419468        0.0800512138
   58.48040800   30.94649920        0.0800507131
   58.63594100   31.02880372        0.0800501988
   58.79147400   31.11110824        0.0800496809
   58.94700700   31.19341276        0.0800491310
   59.10254000   31.27571727        0.0800486109
   59.25807300   31.35802179        0.0800480624
   59.41360600   31.44032631        0.0800475189
   59.56913900   31.52263083        0.0800469655
   59.72467200   31.60493535        0.0800464242
   59.88020500   31.68723987        0.0800458257
   60.03573800   31.76954439        0.0800453059
   60.19127100   31.85184891        0.0800447210
   60.34680400   31.93415343        0.0800441461
   60.50233700   32.01645795        0.0800435968
   60.65787000   32.09876247        0.0800430234
   60.81340300   32.18106699        0.0800424510
   60.96893600   32.26337150        0.0800418975
   61.12446900   32.34567602        0.0800413144
   61.28000200   32.42798054        0.0800407613
   61.43553500   32.51028506        0.0800401955
   61.59106800   32.59258958        0.0800396405
   61.74660100   32.67489410        0.0800390821
   61.90213400   32.75719862        0.0800385238
   62.05766700   32.83950314        0.0800379711
   62.21320000   32.92180766        0.0800374340
   62.36873300   33.00411218        0.0800369138
   62.52426600   33.08641670        0.0800363608
   62.67979900   33.16872121        0.0800358468
   62.83533200   33.25102573        0.0800353110
   62.99086500   33.33333025        0.0800348020
   63.14639800   33.41563477        0.0800342906
   63.30193100   33.49793929        0.0800337899
   63.45746400   33.58024381        0.0800333214
   63.61299700   33.66254833        0.0800328177
   63.76853000   33.74485285        0.0800323804
   63.92406300   33.82715737        0.0800319106
   64.07959600   33.90946189        0.0800314765
   64.23512900   33.99176641        0.0800310321
   64.39066200   34.07407093        0.0800305775
   64.54619500   34.15637544        0.0800301954
   64.70172800   34.23867996        0.0800297868
   64.85726100   34.32098448        0.0800294278
   65.01279400   34.40328900        0.0800290201
   65.16832700   34.48559352        0.0800286416
   65.32386000   34.56789804        0.0800283071
   65.47939300   34.65020256        0.0800279595
   65.63492600   34.73250708        0.0800276385
   65.79045900   34.81481160        0.0800273187
   65.94599200   34.89711612        0.0800270135
   66.10152500   34.97942064        0.0800267126
   66.25705800   35.06172516        0.0800264524
   66.41259100   35.14402967        0.0800261935
   66.56812400   35.22633419        0.0800259307
   66.72365700   35.30863871        0.0800256513
   66.87919000   35.39094323        0.0800254803
   67.03472300   35.47324775        0.0800253196
   67.19025600   35.55555227        0.0800250696
   67.34578900   35.63785679        0.0800248413
   67.50132200   35.72016131        0.0800246258
   67.65685500   35.80246583        0.0800245171
   67.81238800   35.88477035        0.0800244416
   67.96792100   35.96707487        0.0800243104
   68.12345400   36.04937938        0.0800241600
   68.27898700   36.13168390        0.0800239902
   68.43452000   36.21398842        0.0800238605
   68.59005300   36.29629294        0.0800237663
   68.74558600   36.37859746        0.0800236973
   68.90111900   36.46090198        0.0800236463
   69.05665200   36.54320650        0.0800235828
   69.21218500   36.62551102        0.0800235038
   69.36771800   36.70781554        0.0800234141
   69.52325100   36.79012006        0.0800233485
   69.67878400   36.87242458        0.0800233101
   69.83431700   36.95472910        0.0800232852
   69.98985000   37.03703361        0.0800232698
   70.14538300   37.11933813        0.0800232657
   70.30091600   37.20164265        0.0800232680
   70.45644900   37.28394717        0.0800232785
   70.61198200   37.36625169        0.0800232775
   70.76751500   37.44855621        0.0800232592
   70.92304800   37.53086073        0.0800232369
   71.07858100   37.61316525        0.0803573156
   71.23411400   37.69546977        0.0813140451
   71.38964700   37.77777429        0.0827551502
   71.54518000   37.86007881        0.0844670370
   71.70071300   37.94238333        0.0861788928
   71.85624600   38.02468784        0.0876199837
   72.01177900   38.10699236        0.0885767172
   72.16731200   38.18929688        0.0889108008
   72.32284500   38.27160140        0.0889107996
   72.47837800   38.35390592        0.0889107815
   72.63391100   38.43621044        0.0889107752
   72.78944400   38.51851496        0.0889107683
   72.94497700   38.60081948        0.0889107427
   73.10051000   38.68312400        0.0889107242
   73.25604300   38.76542852        0.0889106768
   73.41157600   38.84773304        0.0889106491
   73.56710900   38.93003755        0.0889106043
   73.72264200   39.01234207        0.0889105529
   73.87817500   39.09464659        0.0889104941
   74.03370800   39.17695111        0.0889104517
   74.18924100   39.25925563        0.0889103735
   74.34477400   39.34156015        0.0889102998
   74.50030700   39.42386467        0.0889102153
   74.65584000   39.50616919        0.0889101216
   74.81137300   39.58847371        0.0889100442
   74.96690600   39.67077823        0.0889099272
   75.12243900   39.75308275        0.0889098258
   75.27797200   39.83538727        0.0889096959
   75.43350500   39.91769178        0.0889095775
