    0.00000000    0.00000000        0.0995189071
    0.15553300    0.08230452        0.0995190031
    0.31106600    0.16460904        0.0995190995
    0.46659900    0.24691356        0.0995191918
    0.62213200    0.32921808        0.0995192834
    0.77766500    0.41152260        0.0995193773
    0.93319800    0.49382711        0.0995194645
    1.08873100    0.57613163        0.0995195516
    1.24426400    0.65843615        0.0995196351
    1.39979700    0.74074067        0.0995197224
    1.55533000    0.82304519        0.0995198001
    1.71086300    0.90534971        0.0995198825
    1.86639600    0.98765423        0.0995199598
    2.02192900    1.06995875        0.0995200325
    2.17746200    1.15226327        0.0995201042
    2.33299500    1.23456779        0.0995201746
    2.48852800    1.31687231        0.0995202413
    2.64406100    1.39917683        0.0995203068
    2.79959400    1.48148134        0.0995203659
    2.95512700    1.56378586        0.0995204273
    3.11066000    1.64609038        0.0995204853
    3.26619300    1.72839490        0.0995205348
    3.42172600    1.81069942        0.0995205819
    3.57725900    1.89300394        0.0995206327
    3.73279200    1.97530846        0.0995206694
    3.88832500    2.05761298        0.0995207113
    4.04385800    2.13991750        0.0995207469
    4.19939100    2.22222202        0.0995207775
    4.35492400    2.30452654        0.0995208094
    4.51045700    2.38683106        0.0995208325
    4.66599000    2.46913557        0.0995208512
    4.82152300    2.55144009        0.0995208645
    4.97705600    2.63374461        0.0995208777
    5.13258900    2.71604913        0.0995208848
    5.28812200    2.79835365        0.0995208898
    5.44365500    2.88065817        0.0995208862
    5.59918800    2.96296269        0.0995208828
    5.75472100    3.04526721        0.0995208702
    5.91025400    3.12757173        0.0995208507
    6.06578700    3.20987625        0.0995208326
    6.22132000    3.29218077        0.0995208093
    6.37685300    3.37448528        0.0995207772
    6.53238600    3.45678980        0.0995207416
    6.68791900    3.53909432        0.0995207061
    6.84345200    3.62139884        0.0995206573
    6.99898500    3.70370336        0.0995206076
    7.15451800    3.78600788        0.0995205483
    7.31005100    3.86831240        0.0995204809
    7.46558400    3.95061692        0.0995204125
    7.62111700    4.03292144        0.0995203394
    7.77665000    4.11522596        0.0995202597
    7.93218300    4.19753048        0.0995201667
    8.08771600    4.27983500        0.0995200781
    8.24324900    4.36213951        0.0995199817
    8.39878200    4.44444403        0.0995198789
    8.55431500    4.52674855        0.0995197632
    8.70984800    4.60905307        0.0995196473
    8.86538100    4.69135759        0.0995195267
    9.02091400    4.77366211        0.0995193898
    9.17644700    4.85596663        0.0995192442
    9.33198000    4.93827115        0.0995191193
    9.48751300    5.02057567        0.0995189456
    9.64304600    5.10288019        0.0995187956
    9.79857900    5.18518471        0.0995186087
    9.95411200    5.26748923        0.0995184259
   10.10964500    5.34979374        0.0995181784
   10.26517800    5.43209826        0.0995179578
   10.42071100    5.51440278        0.0995176653
   10.57624400    5.59670730        0.0995173279
   10.73177700    5.67901182        0.0995168903
   10.88731000    5.76131634        0.0995163565
   11.04284300    5.84362086        0.0995156594
   11.19837600    5.92592538        0.0995147225
   11.35390900    6.00822990        0.0995134798
   11.50944200    6.09053442        0.0995118135
   11.66497500    6.17283894        0.0995094933
   11.82050800    6.25514345        0.0995063388
   11.97604100    6.33744797        0.0995020578
   12.13157400    6.41975249        0.0994961900
   12.28710700    6.50205701        0.0994882798
   12.44264000    6.58436153        0.0994775325
   12.59817300    6.66666605        0.0994631153
   12.75370600    6.74897057        0.0994438140
   12.90923900    6.83127509        0.0994181041
   13.06477200    6.91357961        0.0993840436
   13.22030500    6.99588413        0.0993391899
   13.37583800    7.07818865        0.0992803833
   13.53137100    7.16049317        0.0992037097
   13.68690400    7.24279768        0.0991041141
   13.84243700    7.32510220        0.0989753324
   13.99797000    7.40740672        0.0988094750
   14.15350300    7.48971124        0.0985964531
   14.30903600    7.57201576        0.0983236681
   14.46456900    7.65432028        0.0979750835
   14.62010200    7.73662480        0.0975303134
   14.77563500    7.81892932        0.0969633645
   14.93116800    7.90123384        0.0962411101
   15.08670100    7.98353836        0.0953210283
   15.24223400    8.06584288        0.0941487246
   15.39776700    8.14814740        0.0926546690
   15.55330000    8.23045191        0.0907497975
   15.70883300    8.31275643        0.0883205652
   15.86436600    8.39506095        0.0852221154
   16.01989900    8.47736547        0.0812698961
   16.17543200    8.55966999        0.0762284590
   16.33096500    8.64197451        0.0697969384
   16.48649800    8.72427903        0.0615905487
   16.64203100    8.80658355        0.0511182556
   16.79756400    8.88888807        0.0377582324
   16.95309700    8.97119259        0.0207368957
   17.10863000    9.05349711       -0.0008806755
   17.26416300    9.13580162       -0.0281735760
   17.41969600    9.21810614       -0.0623022796
   17.57522900    9.30041066       -0.1043715108
   17.73076200    9.38271518       -0.1551802010
   17.88629500    9.46501970       -0.2148138170
   18.04182800    9.54732422       -0.2820823018
   18.19736100    9.62962874       -0.3539410054
   18.35289400    9.71193326       -0.4252355275
   18.50842700    9.79423778       -0.4891605241
   18.66396000    9.87654230       -0.5385237003
   18.81949300    9.95884682       -0.5674130160
   18.97502600   10.04115134       -0.5726398425
   19.13055900   10.12345585       -0.5545335532
   19.28609200   10.20576037       -0.5169594196
   19.44162500   10.28806489       -0.4665579291
   19.59715800   10.37036941       -0.4113390842
   19.75269100   10.45267393       -0.3590429914
   19.90822400   10.53497845       -0.3158888473
   20.06375700   10.61728297       -0.2860947047
   20.21929000   10.69958749       -0.2720572311
   20.37482300   10.78189201       -0.2747768138
   20.53035600   10.86419653       -0.2941462790
   20.68588900   10.94650105       -0.3289255944
   20.84142200   11.02880557       -0.3764210104
   20.99695500   11.11111008       -0.4320888956
   21.15248800   11.19341460       -0.4894647564
   21.30802100   11.27571912       -0.5408073600
   21.46355400   11.35802364       -0.5784619822
   21.61908700   11.44032816       -0.5964854883
   21.77462000   11.52263268       -0.5919265832
   21.93015300   11.60493720       -0.5654265343
   22.08568600   11.68724172       -0.5210603181
   22.24121900   11.76954624       -0.4654356440
   22.39675200   11.85185076       -0.4062046037
   22.55228500   11.93415528       -0.3504471829
   22.70781800   12.01645979       -0.3035255064
   22.86335100   12.09876431       -0.2687143180
   23.01888400   12.18106883       -0.2474296956
   23.17441700   12.26337335       -0.2396861331
   23.32995000   12.34567787       -0.2445523711
   23.48548300   12.42798239       -0.2605746474
   23.64101600   12.51028691       -0.2860174115
   23.79654900   12.59259143       -0.3183872791
   23.95208200   12.67489595       -0.3534878144
   24.10761500   12.75720047       -0.3858713679
   24.26314800   12.83950499       -0.4106616890
   24.41868100   12.92180951       -0.4248815386
   24.57421400   13.00411402       -0.4277297769
   24.72974700   13.08641854       -0.4197643469
   24.88528000   13.16872306       -0.4027028691
   25.04081300   13.25102758       -0.3798158572
   25.19634600   13.33333210       -0.3555102628
   25.35187900   13.41563662       -0.3343870491
   25.50741200   13.49794114       -0.3202734312
   25.66294500   13.58024566       -0.3155438757
   25.81847800   13.66255018       -0.3209774312
   25.97401100   13.74485470       -0.3360474347
   26.12954400   13.82715922       -0.3590136368
   26.28507700   13.90946374       -0.3862651587
   26.44061000   13.99176825       -0.4120954356
   26.59614300   14.07407277       -0.4304525166
   26.75167600   14.15637729       -0.4373230154
   26.90720900   14.23868181       -0.4317105117
   27.06274200   14.32098633       -0.4147400164
   27.21827500   14.40329085       -0.3884313884
   27.37380800   14.48559537       -0.3557449904
   27.52934100   14.56789989       -0.3207974133
   27.68487400   14.65020441       -0.2881575313
   27.84040700   14.73250893       -0.2618158659
   27.99594000   14.81481345       -0.2445302104
   28.15147300   14.89711796       -0.2375649346
   28.30700600   14.97942248       -0.2407985443
   28.46253900   15.06172700       -0.2532663190
   28.61807200   15.14403152       -0.2736050366
   28.77360500   15.22633604       -0.3000535551
   28.92913800   15.30864056       -0.3302623021
   29.08467100   15.39094508       -0.3613269979
   29.24020400   15.47324960       -0.3904957152
   29.39573700   15.55555412       -0.4157569944
   29.55127000   15.63785864       -0.4357843799
   29.70680300   15.72016316       -0.4498103474
   29.86233600   15.80246768       -0.4577052869
   30.01786900   15.88477219       -0.4602277298
   30.17340200   15.96707671       -0.4589117435
   30.32893500   16.04938123       -0.4556315778
   30.48446800   16.13168575       -0.4519321782
   30.64000100   16.21399027       -0.4482233282
   30.79553400   16.29629479       -0.4436409986
   30.95106700   16.37859931       -0.4368784829
   31.10660000   16.46090383       -0.4270175517
   31.26213300   16.54320835       -0.4138008903
   31.41766600   16.62551287       -0.3969422004
   31.57319900   16.70781739       -0.3755829724
   31.72873200   16.79012191       -0.3488748877
   31.88426500   16.87242642       -0.3166800922
   32.03979800   16.95473094       -0.2798073558
   32.19533100   17.03703546       -0.2397531739
   32.35086400   17.11933998       -0.1982175606
   32.50639700   17.20164450       -0.1569332704
   32.66193000   17.28394902       -0.1175993284
   32.81746300   17.36625354       -0.0816439771
   32.97299600   17.44855806       -0.0499873832
   33.12852900   17.53086258       -0.0229777969
   33.28406200   17.61316710       -0.0004938602
   33.43959500   17.69547162        0.0178818339
   33.59512800   17.77777613        0.0327028489
   33.75066100   17.86008065        0.0445477641
   33.90619400   17.94238517        0.0539573517
   34.06172700   18.02468969        0.0614053022
   34.21726000   18.10699421        0.0672895113
   34.37279300   18.18929873        0.0719348594
   34.52832600   18.27160325        0.0756017491
   34.68385900   18.35390777        0.0784966257
   34.83939200   18.43621229        0.0807823052
   34.99492500   18.51851681        0.0825870310
   35.15045800   18.60082133        0.0840118733
   35.30599100   18.68312585        0.0851365914
   35.46152400   18.76543036        0.0860241801
   35.61705700   18.84773488        0.0867244095
   35.77259000   18.93003940        0.0872765936
   35.92812300   19.01234392        0.0877117824
   36.08365600   19.09464844        0.0880544872
   36.23918900   19.17695296        0.0883240642
   36.39472200   19.25925748        0.0885358169
   36.55025500   19.34156200        0.0887018418
   36.70578800   19.42386652        0.0888317126
   36.86132100   19.50617104        0.0889330495
   37.01685400   19.58847556        0.0890118712
   37.17238700   19.67078008        0.0890729695
   37.32792000   19.75308459        0.0891201611
   37.48345300   19.83538911        0.0891564526
   37.63898600   19.91769363        0.0891842395
   37.79451900   19.99999815        0.0892054286
   37.95005200   20.08230267        0.0892214961
   38.10558500   20.16460719        0.0892336243
   38.26111800   20.24691171        0.0892427232
   38.41665100   20.32921623        0.0892495215
   38.57218400   20.41152075        0.0892545669
   38.72771700   20.49382527        0.0892582863
   38.88325000   20.57612979        0.0892610176
   39.03878300   20.65843430        0.0892630086
   39.19431600   20.74073882        0.0892644465
   39.34984900   20.82304334        0.0892654845
   39.50538200   20.90534786        0.0892662205
   39.66091500   20.98765238        0.0892667417
   39.81644800   21.06995690        0.0892670994
   39.97198100   21.15226142        0.0892673554
   40.12751400   21.23456594        0.0892675232
   40.28304700   21.31687046        0.0892676355
   40.43858000   21.39917498        0.0892677097
   40.59411300   21.48147950        0.0892677517
   40.74964600   21.56378402        0.0892677735
   40.90517900   21.64608853        0.0892677898
   41.06071200   21.72839305        0.0892677954
   41.21624500   21.81069757        0.0892677930
   41.37177800   21.89300209        0.0892677857
   41.52731100   21.97530661        0.0892677849
   41.68284400   22.05761113        0.0892677740
   41.83837700   22.13991565        0.0892677687
   41.99391000   22.22222017        0.0892677663
   42.14944300   22.30452469        0.0896531665
   42.30497600   22.38682921        0.0907568748
   42.46050900   22.46913373        0.0924193144
   42.61604200   22.55143825        0.0943941080
   42.77157500   22.63374276        0.0963688987
   42.92710800   22.71604728        0.0980313478
   43.08264100   22.79835180        0.0991350696
   43.23817400   22.88065632        0.0995204675
   43.39370700   22.96296084        0.0995205020
   43.54924000   23.04526536        0.0995204975
   43.70477300   23.12756988        0.0995205152
   43.86030600   23.20987440        0.0995205316
   44.01583900   23.29217892        0.0995205415
   44.17137200   23.37448344        0.0995205571
   44.32690500   23.45678796        0.0995206147
   44.48243800   23.53909248        0.0995206370
   44.63797100   23.62139699        0.0995206679
   44.79350400   23.70370151        0.0995206946
   44.94903700   23.78600603        0.0995207243
   45.10457000   23.86831055        0.0995207622
   45.26010300   23.95061507        0.0995208000
   45.41563600   24.03291959        0.0995208345
   45.57116900   24.11522411        0.0995208732
   45.72670200   24.19752863        0.0995209170
   45.88223500   24.27983315        0.0995209578
   46.03776800   24.36213767        0.0995210068
   46.19330100   24.44444219        0.0995210522
   46.34883400   24.52674670        0.0995211005
   46.50436700   24.60905122        0.0995211482
   46.65990000   24.69135574        0.0995211949
   46.81543300   24.77366026        0.0995212500
   46.97096600   24.85596478        0.0995213048
   47.12649900   24.93826930        0.0995213527
   47.28203200   25.02057382        0.0995214111
   47.43756500   25.10287834        0.0995214627
   47.59309800   25.18518286        0.0995215200
   47.74863100   25.26748738        0.0995215769
   47.90416400   25.34979190        0.0995216367
   48.05969700   25.43209642        0.0995216950
   48.21523000   25.51440093        0.0995217551
   48.37076300   25.59670545        0.0995218121
   48.52629600   25.67900997        0.0995218724
   48.68182900   25.76131449        0.0995219349
   48.83736200   25.84361901        0.0995219964
   48.99289500   25.92592353        0.0995220553
   49.14842800   26.00822805        0.0995221163
   49.30396100   26.09053257        0.0995221790
   49.45949400   26.17283709        0.0995222433
   49.61502700   26.25514161        0.0995223031
   49.77056000   26.33744613        0.0995223612
   49.92609300   26.41975065        0.0995224250
   50.08162600   26.50205516        0.0995224872
   50.23715900   26.58435968        0.0995225469
   50.39269200   26.66666420        0.0995226070
   50.54822500   26.74896872        0.0995226678
   50.70375800   26.83127324        0.0995227281
   50.85929100   26.91357776        0.0995227840
   51.01482400   26.99588228        0.0995228406
   51.17035700   27.07818680        0.0995228941
   51.32589000   27.16049132        0.0995229516
   51.48142300   27.24279584        0.0995230054
   51.63695600   27.32510036        0.0995230536
   51.79248900   27.40740487        0.0995231080
   51.94802200   27.48970939        0.0995231532
   52.10355500   27.57201391        0.0995232030
   52.25908800   27.65431843        0.0995232500
   52.41462100   27.73662295        0.0995232943
   52.57015400   27.81892747        0.0995233335
   52.72568700   27.90123199        0.0995233733
   52.88122000   27.98353651        0.0995234085
   53.03675300   28.06584103        0.0995234469
   53.19228600   28.14814555        0.0995234737
   53.34781900   28.23045007        0.0995235053
   53.50335200   28.31275459        0.0995235291
   53.65888500   28.39505910        0.0995235519
   53.81441800   28.47736362        0.0995235758
   53.96995100   28.55966814        0.0995235920
   54.12548400   28.64197266        0.0995235993
   54.28101700   28.72427718        0.0995236139
   54.43655000   28.80658170        0.0995236224
   54.59208300   28.88888622        0.0995236304
   54.74761600   28.97119074        0.0995236259
   54.90314900   29.05349526        0.0995236190
   55.05868200   29.13579978        0.0995236072
   55.21421500   29.21810430        0.0995235980
   55.36974800   29.30040882        0.0995235829
   55.52528100   29.38271333        0.0995235611
   55.68081400   29.46501785        0.0995235385
   55.83634700   29.54732237        0.0995235102
   55.99188000   29.62962689        0.0995234749
   56.14741300   29.71193141        0.0995234342
   56.30294600   29.79423593        0.0995233925
   56.45847900   29.87654045        0.0995233482
   56.61401200   29.95884497        0.0995232983
   56.76954500   30.04114949        0.0995232426
   56.92507800   30.12345401        0.0995231843
   57.08061100   30.20575853        0.0995231220
   57.23614400   30.28806304        0.0995230509
   57.39167700   30.37036756        0.0995229806
   57.54721000   30.45267208        0.0995229013
   57.70274300   30.53497660        0.0995228203
   57.85827600   30.61728112        0.0995227328
   58.01380900   30.69958564        0.0995226446
   58.16934200   30.78189016        0.0995225531
   58.32487500   30.86419468        0.0995224527
   58.48040800   30.94649920        0.0995223521
   58.63594100   31.02880372        0.0995222449
   58.79147400   31.11110824        0.0995221379
   58.94700700   31.19341276        0.0995220272
   59.10254000   31.27571727        0.0995219115
   59.25807300   31.35802179        0.0995217920
   59.41360600   31.44032631        0.0995216660
   59.56913900   31.52263083        0.0995215405
   59.72467200   31.60493535        0.0995214149
   59.88020500   31.68723987        0.0995212843
   60.03573800   31.76954439        0.0995211524
   60.19127100   31.85184891        0.0995210155
   60.34680400   31.93415343        0.0995208806
   60.50233700   32.01645795        0.0995207335
   60.65787000   32.09876247        0.0995205928
   60.81340300   32.18106699        0.0995204473
   60.96893600   32.26337150        0.0995203085
   61.12446900   32.34567602        0.0995201642
   61.28000200   32.42798054        0.0995200181
   61.43553500   32.51028506        0.0995198673
   61.59106800   32.59258958        0.0995197102
   61.74660100   32.67489410        0.0995195685
   61.90213400   32.75719862        0.0995194196
   62.05766700   32.83950314        0.0995192712
   62.21320000   32.92180766        0.0995191262
   62.36873300   33.00411218        0.0995189740
   62.52426600   33.08641670        0.0995188262
   62.67979900   33.16872121        0.0995186811
   62.83533200   33.25102573        0.0995185358
   62.99086500   33.33333025        0.0995183912
   63.14639800   33.41563477        0.0995182565
   63.30193100   33.49793929        0.0995181186
   63.45746400   33.58024381        0.0995179732
   63.61299700   33.66254833        0.0995178285
   63.76853000   33.74485285        0.0995176999
   63.92406300   33.82715737        0.0995175721
   64.07959600   33.90946189        0.0995174441
   64.23512900   33.99176641        0.0995173188
   64.39066200   34.07407093        0.0995172002
   64.54619500   34.15637544        0.0995170814
   64.70172800   34.23867996        0.0995169658
   64.85726100   34.32098448        0.0995168547
   65.01279400   34.40328900        0.0995167455
   65.16832700   34.48559352        0.0995166438
   65.32386000   34.56789804        0.0995165452
   65.47939300   34.65020256        0.0995164444
   65.63492600   34.73250708        0.0995163479
   65.79045900   34.81481160        0.0995162602
   65.94599200   34.89711612        0.0995161779
   66.10152500   34.97942064        0.0995161042
   66.25705800   35.06172516        0.0995160338
   66.41259100   35.14402967        0.0995159705
   66.56812400   35.22633419        0.0995159112
   66.72365700   35.30863871        0.0995158488
   66.87919000   35.39094323        0.0995157900
   67.03472300   35.47324775        0.0995157391
   67.19025600   35.55555227        0.0995156939
   67.34578900   35.63785679        0.0995156549
   67.50132200   35.72016131        0.0995156272
   67.65685500   35.80246583        0.0995156057
   67.81238800   35.88477035        0.0995155868
   67.96792100   35.96707487        0.0995155654
   68.12345400   36.04937938        0.0995155513
   68.27898700   36.13168390        0.0995155404
   68.43452000   36.21398842        0.0995155363
   68.59005300   36.29629294        0.0995155466
   68.74558600   36.37859746        0.0995155501
   68.90111900   36.46090198        0.0995155599
   69.05665200   36.54320650        0.0995155738
   69.21218500   36.62551102        0.0995156000
   69.36771800   36.70781554        0.0995156261
   69.52325100   36.79012006        0.0995156507
   69.67878400   36.87242458        0.0995156847
   69.83431700   36.95472910        0.0995157288
   69.98985000   37.03703361        0.0995157714
   70.14538300   37.11933813        0.0995158193
   70.30091600   37.20164265        0.0995158655
   70.45644900   37.28394717        0.0995159206
   70.61198200   37.36625169        0.0995159810
   70.76751500   37.44855621        0.0995160450
   70.92304800   37.53086073        0.0995161103
   71.07858100   37.61316525        0.0995161778
   71.23411400   37.69546977        0.0995162504
   71.38964700   37.77777429        0.0995163220
   71.54518000   37.86007881        0.0995163990
   71.70071300   37.94238333        0.0995164843
   71.85624600   38.02468784        0.0995165640
   72.01177900   38.10699236        0.0995166476
   72.16731200   38.18929688        0.0995167374
   72.32284500   38.27160140        0.0995168262
   72.47837800   38.35390592        0.0995169181
   72.63391100   38.43621044        0.0995170077
   72.78944400   38.51851496        0.0995171066
   72.94497700   38.60081948        0.0995171995
   73.10051000   38.68312400        0.0995172962
   73.25604300   38.76542852        0.0995173949
   73.41157600   38.84773304        0.0995174964
   73.56710900   38.93003755        0.0995175952
   73.72264200   39.01234207        0.0995176966
   73.87817500   39.09464659        0.0995177995
   74.03370800   39.17695111        0.0995179008
   74.18924100   39.25925563        0.0995179980
   74.34477400   39.34156015        0.0995181064
   74.50030700   39.42386467        0.0995182047
   74.65584000   39.50616919        0.0995183120
   74.81137300   39.58847371        0.0995184104
   74.96690600   39.67077823        0.0995185074
   75.12243900   39.75308275        0.0995186115
   75.27797200   39.83538727        0.0995187124
   75.43350500   39.91769178        0.0995188101
