    0.00000000    0.00000000        0.1314970086
    0.15553300    0.08230452        0.1314957731
    0.31106600    0.16460904        0.1314946856
    0.46659900    0.24691356        0.1314936010
    0.62213200    0.32921808        0.1314924542
    0.77766500    0.41152260        0.1314913966
    0.93319800    0.49382711        0.1314903602
    1.08873100    0.57613163        0.1314893803
    1.24426400    0.65843615        0.1314883743
    1.39979700    0.74074067        0.1314875651
    1.55533000    0.82304519        0.1314868948
    1.71086300    0.90534971        0.1314862683
    1.86639600    0.98765423        0.1314855782
    2.02192900    1.06995875        0.1314849817
    2.17746200    1.15226327        0.1314844690
    2.33299500    1.23456779        0.1314839501
    2.48852800    1.31687231        0.1314833796
    2.64406100    1.39917683        0.1314829895
    2.79959400    1.48148134        0.1314826842
    2.95512700    1.56378586        0.1314823331
    3.11066000    1.64609038        0.1314820038
    3.26619300    1.72839490        0.1314817940
    3.42172600    1.81069942        0.1314816146
    3.57725900    1.89300394        0.1314814082
    3.73279200    1.97530846        0.1314812481
    3.88832500    2.05761298        0.1314811521
    4.04385800    2.13991750        0.1314810340
    4.19939100    2.22222202        0.1314809746
    4.35492400    2.30452654        0.1314809298
    4.51045700    2.38683106        0.1314808965
    4.66599000    2.46913557        0.1314808541
    4.82152300    2.55144009        0.1314808169
    4.97705600    2.63374461        0.1320659722
    5.13258900    2.71604913        0.1337417896
    5.28812200    2.79835365        0.1362659476
    5.44365500    2.88065817        0.1392643465
    5.59918800    2.96296269        0.1422627566
    5.75472100    3.04526721        0.1447869546
    5.91025400    3.12757173        0.1464627416
    6.06578700    3.20987625        0.1470478998
    6.22132000    3.29218077        0.1470478159
    6.37685300    3.37448528        0.1470478130
    6.53238600    3.45678980        0.1470477623
    6.68791900    3.53909432        0.1470476813
    6.84345200    3.62139884        0.1470476321
    6.99898500    3.70370336        0.1470475333
    7.15451800    3.78600788        0.1470473958
    7.31005100    3.86831240        0.1470472536
    7.46558400    3.95061692        0.1470470747
    7.62111700    4.03292144        0.1470469025
    7.77665000    4.11522596        0.1470467323
    7.93218300    4.19753048        0.1470465080
    8.08771600    4.27983500        0.1470462625
    8.24324900    4.36213951        0.1470459664
    8.39878200    4.44444403        0.1470456891
    8.55431500    4.52674855        0.1470454061
    8.70984800    4.60905307        0.1470450637
    8.86538100    4.69135759        0.1470447502
    9.02091400    4.77366211        0.1470443702
    9.17644700    4.85596663        0.1470440287
    9.33198000    4.93827115        0.1470436444
    9.48751300    5.02057567        0.1470432234
    9.64304600    5.10288019        0.1470428496
    9.79857900    5.18518471        0.1470423693
    9.95411200    5.26748923        0.1470419523
   10.10964500    5.34979374        0.1470414671
   10.26517800    5.43209826        0.1470409496
   10.42071100    5.51440278        0.1470404180
   10.57624400    5.59670730        0.1470398148
   10.73177700    5.67901182        0.1470391180
   10.88731000    5.76131634        0.1470382084
   11.04284300    5.84362086        0.1470371692
   11.19837600    5.92592538        0.1470357620
   11.35390900    6.00822990        0.1470339612
   11.50944200    6.09053442        0.1470314802
   11.66497500    6.17283894        0.1470281163
   11.82050800    6.25514345        0.1470236193
   11.97604100    6.33744797        0.1470174228
   12.13157400    6.41975249        0.1470089530
   12.28710700    6.50205701        0.1469973462
   12.44264000    6.58436153        0.1469816549
   12.59817300    6.66666605        0.1469604577
   12.75370600    6.74897057        0.1469319173
   12.90923900    6.83127509        0.1468937384
   13.06477200    6.91357961        0.1468430449
   13.22030500    6.99588413        0.1467759688
   13.37583800    7.07818865        0.1466878863
   13.53137100    7.16049317        0.1465725887
   13.68690400    7.24279768        0.1464225225
   13.84243700    7.32510220        0.1462280443
   13.99797000    7.40740672        0.1459771224
   14.15350300    7.48971124        0.1456545337
   14.30903600    7.57201576        0.1452409978
   14.46456900    7.65432028        0.1447124158
   14.62010200    7.73662480        0.1440380271
   14.77563500    7.81892932        0.1431790355
   14.93116800    7.90123384        0.1420859192
   15.08670100    7.98353836        0.1406958613
   15.24223400    8.06584288        0.1389285846
   15.39776700    8.14814740        0.1366820074
   15.55330000    8.23045191        0.1338263228
   15.70883300    8.31275643        0.1301967012
   15.86436600    8.39506095        0.1255840219
   16.01989900    8.47736547        0.1197230641
   16.17543200    8.55966999        0.1122771068
   16.33096500    8.64197451        0.1028179602
   16.48649800    8.72427903        0.0908002735
   16.64203100    8.80658355        0.0755308089
   16.79756400    8.88888807        0.0561354641
   16.95309700    8.97119259        0.0315301854
   17.10863000    9.05349711        0.0004102377
   17.26416300    9.13580162       -0.0387239356
   17.41969600    9.21810614       -0.0874748066
   17.57522900    9.30041066       -0.1473504309
   17.73076200    9.38271518       -0.2194060143
   17.88629500    9.46501970       -0.3036632506
   18.04182800    9.54732422       -0.3983116787
   18.19736100    9.62962874       -0.4988934560
   18.35289400    9.71193326       -0.5979583380
   18.50842700    9.79423778       -0.6857307371
   18.66396000    9.87654230       -0.7518984294
   18.81949300    9.95884682       -0.7879358790
   18.97502600   10.04115134       -0.7890798042
   19.13055900   10.12345585       -0.7553943079
   19.28609200   10.20576037       -0.6917815936
   19.44162500   10.28806489       -0.6069341956
   19.59715800   10.37036941       -0.5113752399
   19.75269100   10.45267393       -0.4151432922
   19.90822400   10.53497845       -0.3260149553
   20.06375700   10.61728297       -0.2488458212
   20.21929000   10.69958749       -0.1859292570
   20.37482300   10.78189201       -0.1378296028
   20.53035600   10.86419653       -0.1042036799
   20.68588900   10.94650105       -0.0844072756
   20.84142200   11.02880557       -0.0778790782
   20.99695500   11.11111008       -0.0843509792
   21.15248800   11.19341460       -0.1039234335
   21.30802100   11.27571912       -0.1370196340
   21.46355400   11.35802364       -0.1842085839
   21.61908700   11.44032816       -0.2458639926
   21.77462000   11.52263268       -0.3216088041
   21.93015300   11.60493720       -0.4095330439
   22.08568600   11.68724172       -0.5053445487
   22.24121900   11.76954624       -0.6018822086
   22.39675200   11.85185076       -0.6895583546
   22.55228500   11.93415528       -0.7579452241
   22.70781800   12.01645979       -0.7980324172
   22.86335100   12.09876431       -0.8042809031
   23.01888400   12.18106883       -0.7758381402
   23.17441700   12.26337335       -0.7167225158
   23.32995000   12.34567787       -0.6349745450
   23.48548300   12.42798239       -0.5408563098
   23.64101600   12.51028691       -0.4445713925
   23.79654900   12.59259143       -0.3543449665
   23.95208200   12.67489595       -0.2755577328
   24.10761500   12.75720047       -0.2109451884
   24.26314800   12.83950499       -0.1613716312
   24.41868100   12.92180951       -0.1266551555
   24.57421400   13.00411402       -0.1061863653
   24.72974700   13.08641854       -0.0992987026
   24.88528000   13.16872306       -0.1054223205
   25.04081300   13.25102758       -0.1240536381
   25.19634600   13.33333210       -0.1545737869
   25.35187900   13.41563662       -0.1959844464
   25.50741200   13.49794114       -0.2466948025
   25.66294500   13.58024566       -0.3045004648
   25.81847800   13.66255018       -0.3665635683
   25.97401100   13.74485470       -0.4287223309
   26.12954400   13.82715922       -0.4845302431
   26.28507700   13.90946374       -0.5262682208
   26.44061000   13.99176825       -0.5479276903
   26.59614300   14.07407277       -0.5473983379
   26.75167600   14.15637729       -0.5263456508
   26.90720900   14.23868181       -0.4883105186
   27.06274200   14.32098633       -0.4375345947
   27.21827500   14.40329085       -0.3792559688
   27.37380800   14.48559537       -0.3195096600
   27.52934100   14.56789989       -0.2640058290
   27.68487400   14.65020441       -0.2171785215
   27.84040700   14.73250893       -0.1819252893
   27.99594000   14.81481345       -0.1598612017
   28.15147300   14.89711796       -0.1517392270
   28.30700600   14.97942248       -0.1577848196
   28.46253900   15.06172700       -0.1778334095
   28.61807200   15.14403152       -0.2112704031
   28.77360500   15.22633604       -0.2568449202
   28.92913800   15.30864056       -0.3124530092
   29.08467100   15.39094508       -0.3748897653
   29.24020400   15.47324960       -0.4394486093
   29.39573700   15.55555412       -0.4997152541
   29.55127000   15.63785864       -0.5484278001
   29.70680300   15.72016316       -0.5791607125
   29.86233600   15.80246768       -0.5877167373
   30.01786900   15.88477219       -0.5730332220
   30.17340200   15.96707671       -0.5372518580
   30.32893500   16.04938123       -0.4851629948
   30.48446800   16.13168575       -0.4233137893
   30.64000100   16.21399027       -0.3585499010
   30.79553400   16.29629479       -0.2968538711
   30.95106700   16.37859931       -0.2428732240
   31.10660000   16.46090383       -0.1997632307
   31.26213300   16.54320835       -0.1692667625
   31.41766600   16.62551287       -0.1520052939
   31.57319900   16.70781739       -0.1477944484
   31.72873200   16.79012191       -0.1558367145
   31.88426500   16.87242642       -0.1747944993
   32.03979800   16.95473094       -0.2028398857
   32.19533100   17.03703546       -0.2377281570
   32.35086400   17.11933998       -0.2768139157
   32.50639700   17.20164450       -0.3170460578
   32.66193000   17.28394902       -0.3549282159
   32.81746300   17.36625354       -0.3864365530
   32.97299600   17.44855806       -0.4075082764
   33.12852900   17.53086258       -0.4153969691
   33.28406200   17.61316710       -0.4098584399
   33.43959500   17.69547162       -0.3929290329
   33.59512800   17.77777613       -0.3676189680
   33.75066100   17.86008065       -0.3368015989
   33.90619400   17.94238517       -0.3032898536
   34.06172700   18.02468969       -0.2703959990
   34.21726000   18.10699421       -0.2417390095
   34.37279300   18.18929873       -0.2205411167
   34.52832600   18.27160325       -0.2091212508
   34.68385900   18.35390777       -0.2087930245
   34.83939200   18.43621229       -0.2199732796
   34.99492500   18.51851681       -0.2420904121
   35.15045800   18.60082133       -0.2732655309
   35.30599100   18.68312585       -0.3105016383
   35.46152400   18.76543036       -0.3504789289
   35.61705700   18.84773488       -0.3901879092
   35.77259000   18.93003940       -0.4264425036
   35.92812300   19.01234392       -0.4547566851
   36.08365600   19.09464844       -0.4701438159
   36.23918900   19.17695296       -0.4693275467
   36.39472200   19.25925748       -0.4520449417
   36.55025500   19.34156200       -0.4204297920
   36.70578800   19.42386652       -0.3773465271
   36.86132100   19.50617104       -0.3257967406
   37.01685400   19.58847556       -0.2692846906
   37.17238700   19.67078008       -0.2116673596
   37.32792000   19.75308459       -0.1564341957
   37.48345300   19.83538911       -0.1061115364
   37.63898600   19.91769363       -0.0620790645
   37.79451900   19.99999815       -0.0247214673
   37.95005200   20.08230267        0.0062625483
   38.10558500   20.16460719        0.0315499796
   38.26111800   20.24691171        0.0519607134
   38.41665100   20.32921623        0.0683149781
   38.57218400   20.41152075        0.0813598632
   38.72771700   20.49382527        0.0917392611
   38.88325000   20.57612979        0.0999887344
   39.03878300   20.65843430        0.1065434948
   39.19431600   20.74073882        0.1117522769
   39.34984900   20.82304334        0.1158922417
   39.50538200   20.90534786        0.1191832705
   39.66091500   20.98765238        0.1217996727
   39.81644800   21.06995690        0.1238796546
   39.97198100   21.15226142        0.1255331360
   40.12751400   21.23456594        0.1268473611
   40.28304700   21.31687046        0.1278917048
   40.43858000   21.39917498        0.1287213006
   40.59411300   21.48147950        0.1293799013
   40.74964600   21.56378402        0.1299022044
   40.90517900   21.64608853        0.1303159332
   41.06071200   21.72839305        0.1306430322
   41.21624500   21.81069757        0.1309010253
   41.37177800   21.89300209        0.1311039198
   41.52731100   21.97530661        0.1312629779
   41.68284400   22.05761113        0.1313870898
   41.83837700   22.13991565        0.1314835089
   41.99391000   22.22222017        0.1315580020
   42.14944300   22.30452469        0.1316151476
   42.30497600   22.38682921        0.1316586767
   42.46050900   22.46913373        0.1316915384
   42.61604200   22.55143825        0.1317160859
   42.77157500   22.63374276        0.1317341039
   42.92710800   22.71604728        0.1317471605
   43.08264100   22.79835180        0.1317563451
   43.23817400   22.88065632        0.1317625511
   43.39370700   22.96296084        0.1317665331
   43.54924000   23.04526536        0.1317688257
   43.70477300   23.12756988        0.1317697926
   43.86030600   23.20987440        0.1317698659
   44.01583900   23.29217892        0.1317691618
   44.17137200   23.37448344        0.1317679760
   44.32690500   23.45678796        0.1317663166
   44.48243800   23.53909248        0.1317644493
   44.63797100   23.62139699        0.1317622994
   44.79350400   23.70370151        0.1317600829
   44.94903700   23.78600603        0.1317576743
   45.10457000   23.86831055        0.1317552595
   45.26010300   23.95061507        0.1317527585
   45.41563600   24.03291959        0.1317503062
   45.57116900   24.11522411        0.1317477894
   45.72670200   24.19752863        0.1317453274
   45.88223500   24.27983315        0.1317428038
   46.03776800   24.36213767        0.1317403699
   46.19330100   24.44444219        0.1317379143
   46.34883400   24.52674670        0.1317354856
   46.50436700   24.60905122        0.1317331684
   46.65990000   24.69135574        0.1317308406
   46.81543300   24.77366026        0.1317285209
   46.97096600   24.85596478        0.1317262823
   47.12649900   24.93826930        0.1317240601
   47.28203200   25.02057382        0.1317219030
   47.43756500   25.10287834        0.1317198110
   47.59309800   25.18518286        0.1317177474
   47.74863100   25.26748738        0.1317157649
   47.90416400   25.34979190        0.1317138243
   48.05969700   25.43209642        0.1317119107
   48.21523000   25.51440093        0.1317100453
   48.37076300   25.59670545        0.1317082996
   48.52629600   25.67900997        0.1317065779
   48.68182900   25.76131449        0.1317048954
   48.83736200   25.84361901        0.1317032996
   48.99289500   25.92592353        0.1317017308
   49.14842800   26.00822805        0.1317002382
   49.30396100   26.09053257        0.1316988223
   49.45949400   26.17283709        0.1316974180
   49.61502700   26.25514161        0.1316960653
   49.77056000   26.33744613        0.1316948230
   49.92609300   26.41975065        0.1316936024
   50.08162600   26.50205516        0.1316924503
   50.23715900   26.58435968        0.1316912997
   50.39269200   26.66666420        0.1316901780
   50.54822500   26.74896872        0.1316891720
   50.70375800   26.83127324        0.1316882229
   50.85929100   26.91357776        0.1316872801
   51.01482400   26.99588228        0.1316864106
   51.17035700   27.07818680        0.1316855126
   51.32589000   27.16049132        0.1316846724
   51.48142300   27.24279584        0.1316839183
   51.63695600   27.32510036        0.1316831935
   51.79248900   27.40740487        0.1316824764
   51.94802200   27.48970939        0.1316817930
   52.10355500   27.57201391        0.1316811753
   52.25908800   27.65431843        0.1316805604
   52.41462100   27.73662295        0.1316800122
   52.57015400   27.81892747        0.1316794145
   52.72568700   27.90123199        0.1316789241
   52.88122000   27.98353651        0.1316784028
   53.03675300   28.06584103        0.1316779425
   53.19228600   28.14814555        0.1316774879
   53.34781900   28.23045007        0.1316770761
   53.50335200   28.31275459        0.1316766397
   53.65888500   28.39505910        0.1316762514
   53.81441800   28.47736362        0.1316758647
   53.96995100   28.55966814        0.1316755097
   54.12548400   28.64197266        0.1316752064
   54.28101700   28.72427718        0.1316748366
   54.43655000   28.80658170        0.1316745303
   54.59208300   28.88888622        0.1316742231
   54.74761600   28.97119074        0.1316739207
   54.90314900   29.05349526        0.1316736507
   55.05868200   29.13579978        0.1316733348
   55.21421500   29.21810430        0.1316730999
   55.36974800   29.30040882        0.1316728009
   55.52528100   29.38271333        0.1316725250
   55.68081400   29.46501785        0.1316722840
   55.83634700   29.54732237        0.1316720356
   55.99188000   29.62962689        0.1316717988
   56.14741300   29.71193141        0.1316714424
   56.30294600   29.79423593        0.1316712534
   56.45847900   29.87654045        0.1316709684
   56.61401200   29.95884497        0.1316707113
   56.76954500   30.04114949        0.1316705204
   56.92507800   30.12345401        0.1316702011
   57.08061100   30.20575853        0.1316698968
   57.23614400   30.28806304        0.1316696615
   57.39167700   30.37036756        0.1316693523
   57.54721000   30.45267208        0.1316690355
   57.70274300   30.53497660        0.1316688566
   57.85827600   30.61728112        0.1316685388
   58.01380900   30.69958564        0.1316681993
   58.16934200   30.78189016        0.1316678231
   58.32487500   30.86419468        0.1316675801
   58.48040800   30.94649920        0.1316672111
   58.63594100   31.02880372        0.1316668248
   58.79147400   31.11110824        0.1316664053
   58.94700700   31.19341276        0.1316661560
   59.10254000   31.27571727        0.1316658700
   59.25807300   31.35802179        0.1316654745
   59.41360600   31.44032631        0.1316650000
   59.56913900   31.52263083        0.1316644449
   59.72467200   31.60493535        0.1316639916
   59.88020500   31.68723987        0.1316635846
   60.03573800   31.76954439        0.1316631491
   60.19127100   31.85184891        0.1316626780
   60.34680400   31.93415343        0.1316621677
   60.50233700   32.01645795        0.1316616093
   60.65787000   32.09876247        0.1316611724
   60.81340300   32.18106699        0.1316606525
   60.96893600   32.26337150        0.1316600622
   61.12446900   32.34567602        0.1316593528
   61.28000200   32.42798054        0.1316584655
   61.43553500   32.51028506        0.1316575608
   61.59106800   32.59258958        0.1316568827
   61.74660100   32.67489410        0.1316562664
   61.90213400   32.75719862        0.1316556028
   62.05766700   32.83950314        0.1316548905
   62.21320000   32.92180766        0.1316541054
   62.36873300   33.00411218        0.1316532475
   62.52426600   33.08641670        0.1316522830
   62.67979900   33.16872121        0.1316516069
   62.83533200   33.25102573        0.1316506800
   62.99086500   33.33333025        0.1316497309
   63.14639800   33.41563477        0.1316487408
   63.30193100   33.49793929        0.1316475675
   63.45746400   33.58024381        0.1316463233
   63.61299700   33.66254833        0.1316453318
   63.76853000   33.74485285        0.1316446364
   63.92406300   33.82715737        0.1316436429
   64.07959600   33.90946189        0.1316423524
   64.23512900   33.99176641        0.1316407465
   64.39066200   34.07407093        0.1316392467
   64.54619500   34.15637544        0.1316376794
   64.70172800   34.23867996        0.1316364670
   64.85726100   34.32098448        0.1316353752
   65.01279400   34.40328900        0.1316342593
   65.16832700   34.48559352        0.1316328651
   65.32386000   34.56789804        0.1316310094
   65.47939300   34.65020256        0.1316294136
   65.63492600   34.73250708        0.1316282499
   65.79045900   34.81481160        0.1316263074
   65.94599200   34.89711612        0.1316247333
   66.10152500   34.97942064        0.1316229220
   66.25705800   35.06172516        0.1316200858
   66.41259100   35.14402967        0.1316200000
   66.56812400   35.22633419        0.1316187437
   66.72365700   35.30863871        0.1316159930
   66.87919000   35.39094323        0.1316139154
   67.03472300   35.47324775        0.1316102324
   67.19025600   35.55555227        0.1316100000
   67.34578900   35.63785679        0.1316100000
   67.50132200   35.72016131        0.1316065085
   67.65685500   35.80246583        0.1316039853
   67.81238800   35.88477035        0.1316003627
   67.96792100   35.96707487        0.1316000000
   68.12345400   36.04937938        0.1315996171
   68.27898700   36.13168390        0.1315959602
   68.43452000   36.21398842        0.1315929104
   68.59005300   36.29629294        0.1315900082
   68.74558600   36.37859746        0.1315900000
   68.90111900   36.46090198        0.1315879364
   69.05665200   36.54320650        0.1315844623
   69.21218500   36.62551102        0.1315813238
   69.36771800   36.70781554        0.1315800000
   69.52325100   36.79012006        0.1315785585
   69.67878400   36.87242458        0.1315755165
   69.83431700   36.95472910        0.1315723052
   69.98985000   37.03703361        0.1315705049
   70.14538300   37.11933813        0.1315686699
   70.30091600   37.20164265        0.1315664034
   70.45644900   37.28394717        0.1315630883
   70.61198200   37.36625169        0.1315612997
   70.76751500   37.44855621        0.1315586560
   70.92304800   37.53086073        0.1315567236
   71.07858100   37.61316525        0.1315537944
   71.23411400   37.69546977        0.1315518147
   71.38964700   37.77777429        0.1315493330
   71.54518000   37.86007881        0.1315469353
   71.70071300   37.94238333        0.1315446716
   71.85624600   38.02468784        0.1315423172
   72.01177900   38.10699236        0.1315400747
   72.16731200   38.18929688        0.1315379514
   72.32284500   38.27160140        0.1315355507
   72.47837800   38.35390592        0.1315330387
   72.63391100   38.43621044        0.1315309558
   72.78944400   38.51851496        0.1315291377
   72.94497700   38.60081948        0.1315272960
   73.10051000   38.68312400        0.1315246706
   73.25604300   38.76542852        0.1315222569
   73.41157600   38.84773304        0.1315204702
   73.56710900   38.93003755        0.1315188638
   73.72264200   39.01234207        0.1315166985
   73.87817500   39.09464659        0.1315147883
   74.03370800   39.17695111        0.1315130319
   74.18924100   39.25925563        0.1315111825
   74.34477400   39.34156015        0.1315093017
   74.50030700   39.42386467        0.1315074648
   74.65584000   39.50616919        0.1315058304
   74.81137300   39.58847371        0.1315043480
   74.96690600   39.67077823        0.1315027869
   75.12243900   39.75308275        0.1315012510
   75.27797200   39.83538727        0.1314998674
   75.43350500   39.91769178        0.1314984230
