    0.00000000    0.00000000        0.1417900000
    0.15553300    0.08230452        0.1417900000
    0.31106600    0.16460904        0.1417900000
    0.46659900    0.24691356        0.1417900000
    0.62213200    0.32921808        0.1417900000
    0.77766500    0.41152260        0.1417900000
    0.93319800    0.49382711        0.1417900000
    1.08873100    0.57613163        0.1417900000
    1.24426400    0.65843615        0.1417900000
    1.39979700    0.74074067        0.1417900000
    1.55533000    0.82304519        0.1417900000
    1.71086300    0.90534971        0.1417900000
    1.86639600    0.98765423        0.1417900000
    2.02192900    1.06995875        0.1417900000
    2.17746200    1.15226327        0.1417900000
    2.33299500    1.23456779        0.1417900000
    2.48852800    1.31687231        0.1417900000
    2.64406100    1.39917683        0.1417900000
    2.79959400    1.48148134        0.1417900000
    2.95512700    1.56378586        0.1417900000
    3.11066000    1.64609038        0.1417900000
    3.26619300    1.72839490        0.1417900000
    3.42172600    1.81069942        0.1417900000
    3.57725900    1.89300394        0.1417900000
    3.73279200    1.97530846        0.1417900000
    3.88832500    2.05761298        0.1417900000
    4.04385800    2.13991750        0.1417900000
    4.19939100    2.22222202        0.1417900000
    4.35492400    2.30452654        0.1417900000
    4.51045700    2.38683106        0.1417900000
    4.66599000    2.46913557        0.1417900000
    4.82152300    2.55144009        0.1417900000
    4.97705600    2.63374461        0.1417900000
    5.13258900    2.71604913        0.1417900000
    5.28812200    2.79835365        0.1417900000
    5.44365500    2.88065817        0.1417900000
    5.59918800    2.96296269        0.1417900000
    5.75472100    3.04526721        0.1417900000
    5.91025400    3.12757173        0.1417900000
    6.06578700    3.20987625        0.1417900000
    6.22132000    3.29218077        0.1417900000
    6.37685300    3.37448528        0.1417900000
    6.53238600    3.45678980        0.1417900000
    6.68791900    3.53909432        0.1417900000
    6.84345200    3.62139884        0.1417900000
    6.99898500    3.70370336        0.1417900000
    7.15451800    3.78600788        0.1417900000
    7.31005100    3.86831240        0.1417900000
    7.46558400    3.95061692        0.1417900000
    7.62111700    4.03292144        0.1417900000
    7.77665000    4.11522596        0.1417900000
    7.93218300    4.19753048        0.1417900000
    8.08771600    4.27983500        0.1417900000
    8.24324900    4.36213951        0.1417900000
    8.39878200    4.44444403        0.1417900000
    8.55431500    4.52674855        0.1417900000
    8.70984800    4.60905307        0.1417900000
    8.86538100    4.69135759        0.1417900000
    9.02091400    4.77366211        0.1417903472
    9.17644700    4.85596663        0.1417907099
    9.33198000    4.93827115        0.1417904321
    9.48751300    5.02057567        0.1417902160
    9.64304600    5.10288019        0.1417900617
    9.79857900    5.18518471        0.1417898765
    9.95411200    5.26748923        0.1417897222
   10.10964500    5.34979374        0.1417891975
   10.26517800    5.43209826        0.1417888889
   10.42071100    5.51440278        0.1417886343
   10.57624400    5.59670730        0.1417879883
   10.73177700    5.67901182        0.1417876157
   10.88731000    5.76131634        0.1417868133
   11.04284300    5.84362086        0.1417859491
   11.19837600    5.92592538        0.1417847068
   11.35390900    6.00822990        0.1417825154
   11.50944200    6.09053442        0.1417799306
   11.66497500    6.17283894        0.1417768364
   11.82050800    6.25514345        0.1417718904
   11.97604100    6.33744797        0.1417655941
   12.13157400    6.41975249        0.1417570602
   12.28710700    6.50205701        0.1417453549
   12.44264000    6.58436153        0.1417291975
   12.59817300    6.66666605        0.1417078241
   12.75370600    6.74897057        0.1416784799
   12.90923900    6.83127509        0.1416402469
   13.06477200    6.91357961        0.1415888194
   13.22030500    6.99588413        0.1415210494
   13.37583800    7.07818865        0.1414323225
   13.53137100    7.16049317        0.1413161574
   13.68690400    7.24279768        0.1411650077
   13.84243700    7.32510220        0.1409694904
   13.99797000    7.40740672        0.1407172377
   14.15350300    7.48971124        0.1403932022
   14.30903600    7.57201576        0.1399781713
   14.46456900    7.65432028        0.1394474074
   14.62010200    7.73662480        0.1387705353
   14.77563500    7.81892932        0.1379087114
   14.93116800    7.90123384        0.1368130864
   15.08670100    7.98353836        0.1354195833
   15.24223400    8.06584288        0.1336479707
   15.39776700    8.14814740        0.1313975386
   15.55330000    8.23045191        0.1285371914
   15.70883300    8.31275643        0.1249027623
   15.86436600    8.39506095        0.1202846457
   16.01989900    8.47736547        0.1144184766
   16.17543200    8.55966999        0.1069670254
   16.33096500    8.64197451        0.0975023561
   16.48649800    8.72427903        0.0854789942
   16.64203100    8.80658355        0.0702044916
   16.79756400    8.88888807        0.0508046546
   16.95309700    8.97119259        0.0261963491
   17.10863000    9.05349711       -0.0049250106
   17.26416300    9.13580162       -0.0440582297
   17.41969600    9.21810614       -0.0928047414
   17.57522900    9.30041066       -0.1526706438
   17.73076200    9.38271518       -0.2247110238
   17.88629500    9.46501970       -0.3089439442
   18.04182800    9.54732422       -0.4035614876
   18.19736100    9.62962874       -0.5041059627
   18.35289400    9.71193326       -0.6031276825
   18.50842700    9.79423778       -0.6908590357
   18.66396000    9.87654230       -0.7569950239
   18.81949300    9.95884682       -0.7930186740
   18.97502600   10.04115134       -0.7941730973
   19.13055900   10.12345585       -0.7605303523
   19.28609200   10.20576037       -0.6969913050
   19.44162500   10.28806489       -0.6122449088
   19.59715800   10.37036941       -0.5168140438
   19.75269100   10.45267393       -0.4207362848
   19.90822400   10.53497845       -0.3317894014
   20.06375700   10.61728297       -0.2548237630
   20.21929000   10.69958749       -0.1921342356
   20.37482300   10.78189201       -0.1442828054
   20.53035600   10.86419653       -0.1109281846
   20.68588900   10.94650105       -0.0914236369
   20.84142200   11.02880557       -0.0852058943
   20.99695500   11.11111008       -0.0920037570
   21.15248800   11.19341460       -0.1119135852
   21.30802100   11.27571912       -0.1453522406
   21.46355400   11.35802364       -0.1928803731
   21.61908700   11.44032816       -0.2548643054
   21.77462000   11.52263268       -0.3309118621
   21.93015300   11.60493720       -0.4191026188
   22.08568600   11.68724172       -0.5151400983
   22.24121900   11.76954624       -0.6118522539
   22.39675200   11.85185076       -0.6996604994
   22.55228500   11.93415528       -0.7681638660
   22.70781800   12.01645979       -0.8083934704
   22.86335100   12.09876431       -0.8148711839
   23.01888400   12.18106883       -0.7868104035
   23.17441700   12.26337335       -0.7282926239
   23.32995000   12.34567787       -0.6474327542
   23.48548300   12.42798239       -0.5545721898
   23.64101600   12.51028691       -0.4600058463
   23.79654900   12.59259143       -0.3720504795
   23.95208200   12.67489595       -0.2961854793
   24.10761500   12.75720047       -0.2352288467
   24.26314800   12.83950499       -0.1900991126
   24.41868100   12.92180951       -0.1605920497
   24.57421400   13.00411402       -0.1459232772
   24.72974700   13.08641854       -0.1449424314
   24.88528000   13.16872306       -0.1560769311
   25.04081300   13.25102758       -0.1771240793
   25.19634600   13.33333210       -0.2051406777
   25.35187900   13.41563662       -0.2368371074
   25.50741200   13.49794114       -0.2695652599
   25.66294500   13.58024566       -0.3014974611
   25.81847800   13.66255018       -0.3290766061
   25.97401100   13.74485470       -0.3455927851
   26.12954400   13.82715922       -0.3456426399
   26.28507700   13.90946374       -0.3292338736
   26.44061000   13.99176825       -0.3017816896
   26.59614300   14.07407277       -0.2699722221
   26.75167600   14.15637729       -0.2373324642
   26.90720900   14.23868181       -0.2056657171
   27.06274200   14.32098633       -0.1775996156
   27.21827500   14.40329085       -0.1564023682
   27.37380800   14.48559537       -0.1449937725
   27.52934100   14.56789989       -0.1455593190
   27.68487400   14.65020441       -0.1596590101
   27.84040700   14.73250893       -0.1884424240
   27.99594000   14.81481345       -0.2327128653
   28.15147300   14.89711796       -0.2927213743
   28.30700600   14.97942248       -0.3676407625
   28.46253900   15.06172700       -0.4548030451
   28.61807200   15.14403152       -0.5489252247
   28.77360500   15.22633604       -0.6418856621
   28.92913800   15.30864056       -0.7235426212
   29.08467100   15.39094508       -0.7835956727
   29.24020400   15.47324960       -0.8138608962
   29.39573700   15.55555412       -0.8100540262
   29.55127000   15.63785864       -0.7726690124
   29.70680300   15.72016316       -0.7068935793
   29.86233600   15.80246768       -0.6215029316
   30.01786900   15.88477219       -0.5269279543
   30.17340200   15.96707671       -0.4329952166
   30.32893500   16.04938123       -0.3472377214
   30.48446800   16.13168575       -0.2743211715
   30.64000100   16.21399027       -0.2164333569
   30.79553400   16.29629479       -0.1740974611
   30.95106700   16.37859931       -0.1469074941
   31.10660000   16.46090383       -0.1340130410
   31.26213300   16.54320835       -0.1342996690
   31.41766600   16.62551287       -0.1463129864
   31.57319900   16.70781739       -0.1680271325
   31.72873200   16.79012191       -0.1966821003
   31.88426500   16.87242642       -0.2290741556
   32.03979800   16.95473094       -0.2625037607
   32.19533100   17.03703546       -0.2952222083
   32.35086400   17.11933998       -0.3241939039
   32.50639700   17.20164450       -0.3429775319
   32.66193000   17.28394902       -0.3455265587
   32.81746300   17.36625354       -0.3309800397
   32.97299600   17.44855806       -0.3042586471
   33.12852900   17.53086258       -0.2723101608
   33.28406200   17.61316710       -0.2391363576
   33.43959500   17.69547162       -0.2065589930
   33.59512800   17.77777613       -0.1770715923
   33.75066100   17.86008065       -0.1539658243
   33.90619400   17.94238517       -0.1403174291
   34.06172700   18.02468969       -0.1384927507
   34.21726000   18.10699421       -0.1502056068
   34.37279300   18.18929873       -0.1767247305
   34.52832600   18.27160325       -0.2189475949
   34.68385900   18.35390777       -0.2772123131
   34.83939200   18.43621229       -0.3507856327
   34.99492500   18.51851681       -0.4370939038
   35.15045800   18.60082133       -0.5309242892
   35.30599100   18.68312585       -0.6241599913
   35.46152400   18.76543036       -0.7065262119
   35.61705700   18.84773488       -0.7674291742
   35.77259000   18.93003940       -0.7982879697
   35.92812300   19.01234392       -0.7944172789
   36.08365600   19.09464844       -0.7560106665
   36.23918900   19.17695296       -0.6880623513
   36.39472200   19.25925748       -0.5992289557
   36.55025500   19.34156200       -0.4998151879
   36.70578800   19.42386652       -0.3994591951
   36.86132100   19.50617104       -0.3054091309
   37.01685400   19.58847556       -0.2219262300
   37.17238700   19.67078008       -0.1506798696
   37.32792000   19.75308459       -0.0915701237
   37.48345300   19.83538911       -0.0435044825
   37.63898600   19.91769363       -0.0049660738
   37.79451900   19.99999815        0.0256430413
   37.95005200   20.08230267        0.0498127060
   38.10558500   20.16460719        0.0688362064
   38.26111800   20.24691171        0.0837877701
   38.41665100   20.32921623        0.0955328780
   38.57218400   20.41152075        0.1047575182
   38.72771700   20.49382527        0.1120027446
   38.88325000   20.57612979        0.1176923078
   39.03878300   20.65843430        0.1221592299
   39.19431600   20.74073882        0.1256657793
   39.34984900   20.82304334        0.1284188188
   39.50538200   20.90534786        0.1305796065
   39.66091500   20.98765238        0.1322756713
   39.81644800   21.06995690        0.1336078144
   39.97198100   21.15226142        0.1346531948
   40.12751400   21.23456594        0.1354739815
   40.28304700   21.31687046        0.1361170988
   40.43858000   21.39917498        0.1366205556
   40.59411300   21.48147950        0.1370136034
   40.74964600   21.56378402        0.1373208256
   40.90517900   21.64608853        0.1375592130
   41.06071200   21.72839305        0.1377433642
   41.21624500   21.81069757        0.1378858873
   41.37177800   21.89300209        0.1379950463
   41.52731100   21.97530661        0.1380787886
   41.68284400   22.05761113        0.1381416975
   41.83837700   22.13991565        0.1381897222
   41.99391000   22.22222017        0.1382253318
   42.14944300   22.30452469        0.1382526698
   42.30497600   22.38682921        0.1382721991
   42.46050900   22.46913373        0.1382873380
   42.61604200   22.55143825        0.1382975849
   42.77157500   22.63374276        0.1383053164
   42.92710800   22.71604728        0.1383107176
   43.08264100   22.79835180        0.1383151080
   43.23817400   22.88065632        0.1383177392
   43.39370700   22.96296084        0.1383198457
   43.54924000   23.04526536        0.1383210725
   43.70477300   23.12756988        0.1383220756
   43.86030600   23.20987440        0.1383227855
   44.01583900   23.29217892        0.1383232407
   44.17137200   23.37448344        0.1383232716
   44.32690500   23.45678796        0.1383236188
   44.48243800   23.53909248        0.1383235262
   44.63797100   23.62139699        0.1383238272
   44.79350400   23.70370151        0.1383237114
   44.94903700   23.78600603        0.1383234028
   45.10457000   23.86831055        0.1383232716
   45.26010300   23.95061507        0.1383237654
   45.41563600   24.03291959        0.1383238040
   45.57116900   24.11522411        0.1383235262
   45.72670200   24.19752863        0.1383233719
   45.88223500   24.27983315        0.1383230633
   46.03776800   24.36213767        0.1383228472
   46.19330100   24.44444219        0.1383224769
   46.34883400   24.52674670        0.1383221373
   46.50436700   24.60905122        0.1384561343
   46.65990000   24.69135574        0.1388300000
   46.81543300   24.77366026        0.1394000000
   46.97096600   24.85596478        0.1400700000
   47.12649900   24.93826930        0.1407479244
   47.28203200   25.02057382        0.1413100000
   47.43756500   25.10287834        0.1416900000
   47.59309800   25.18518286        0.1418200000
   47.74863100   25.26748738        0.1418200000
   47.90416400   25.34979190        0.1418200000
   48.05969700   25.43209642        0.1418200000
   48.21523000   25.51440093        0.1418200000
   48.37076300   25.59670545        0.1418200000
   48.52629600   25.67900997        0.1418200000
   48.68182900   25.76131449        0.1418200000
   48.83736200   25.84361901        0.1418200000
   48.99289500   25.92592353        0.1418200000
   49.14842800   26.00822805        0.1418200000
   49.30396100   26.09053257        0.1418200000
   49.45949400   26.17283709        0.1418200000
   49.61502700   26.25514161        0.1418200000
   49.77056000   26.33744613        0.1418200000
   49.92609300   26.41975065        0.1418200000
   50.08162600   26.50205516        0.1418200000
   50.23715900   26.58435968        0.1418200000
   50.39269200   26.66666420        0.1418200000
   50.54822500   26.74896872        0.1418200000
   50.70375800   26.83127324        0.1418200000
   50.85929100   26.91357776        0.1418200000
   51.01482400   26.99588228        0.1418200000
   51.17035700   27.07818680        0.1418200000
   51.32589000   27.16049132        0.1418200000
   51.48142300   27.24279584        0.1418200000
   51.63695600   27.32510036        0.1418200000
   51.79248900   27.40740487        0.1418200000
   51.94802200   27.48970939        0.1418200000
   52.10355500   27.57201391        0.1418200000
   52.25908800   27.65431843        0.1418200000
   52.41462100   27.73662295        0.1418200000
   52.57015400   27.81892747        0.1418200000
   52.72568700   27.90123199        0.1418200000
   52.88122000   27.98353651        0.1418200000
   53.03675300   28.06584103        0.1418200000
   53.19228600   28.14814555        0.1418200000
   53.34781900   28.23045007        0.1418200000
   53.50335200   28.31275459        0.1418200000
   53.65888500   28.39505910        0.1418200000
   53.81441800   28.47736362        0.1418200000
   53.96995100   28.55966814        0.1418200000
   54.12548400   28.64197266        0.1418200000
   54.28101700   28.72427718        0.1418200000
   54.43655000   28.80658170        0.1418200000
   54.59208300   28.88888622        0.1418200000
   54.74761600   28.97119074        0.1418200000
   54.90314900   29.05349526        0.1418200000
   55.05868200   29.13579978        0.1418200000
   55.21421500   29.21810430        0.1418200000
   55.36974800   29.30040882        0.1418100000
   55.52528100   29.38271333        0.1418100000
   55.68081400   29.46501785        0.1418100000
   55.83634700   29.54732237        0.1418100000
   55.99188000   29.62962689        0.1418100000
   56.14741300   29.71193141        0.1418100000
   56.30294600   29.79423593        0.1418100000
   56.45847900   29.87654045        0.1418100000
   56.61401200   29.95884497        0.1418100000
   56.76954500   30.04114949        0.1418100000
   56.92507800   30.12345401        0.1418100000
   57.08061100   30.20575853        0.1418100000
   57.23614400   30.28806304        0.1418100000
   57.39167700   30.37036756        0.1418100000
   57.54721000   30.45267208        0.1418100000
   57.70274300   30.53497660        0.1418100000
   57.85827600   30.61728112        0.1418100000
   58.01380900   30.69958564        0.1418100000
   58.16934200   30.78189016        0.1418100000
   58.32487500   30.86419468        0.1418100000
   58.48040800   30.94649920        0.1418100000
   58.63594100   31.02880372        0.1418100000
   58.79147400   31.11110824        0.1418100000
   58.94700700   31.19341276        0.1418100000
   59.10254000   31.27571727        0.1418100000
   59.25807300   31.35802179        0.1418100000
   59.41360600   31.44032631        0.1418000000
   59.56913900   31.52263083        0.1418000000
   59.72467200   31.60493535        0.1418000000
   59.88020500   31.68723987        0.1418000000
   60.03573800   31.76954439        0.1418000000
   60.19127100   31.85184891        0.1418000000
   60.34680400   31.93415343        0.1418000000
   60.50233700   32.01645795        0.1418000000
   60.65787000   32.09876247        0.1418000000
   60.81340300   32.18106699        0.1418000000
   60.96893600   32.26337150        0.1418000000
   61.12446900   32.34567602        0.1418000000
   61.28000200   32.42798054        0.1418000000
   61.43553500   32.51028506        0.1418000000
   61.59106800   32.59258958        0.1418000000
   61.74660100   32.67489410        0.1418000000
   61.90213400   32.75719862        0.1418000000
   62.05766700   32.83950314        0.1418000000
   62.21320000   32.92180766        0.1418000000
   62.36873300   33.00411218        0.1418000000
   62.52426600   33.08641670        0.1418000000
   62.67979900   33.16872121        0.1418000000
   62.83533200   33.25102573        0.1418000000
   62.99086500   33.33333025        0.1418000000
   63.14639800   33.41563477        0.1418000000
   63.30193100   33.49793929        0.1418000000
   63.45746400   33.58024381        0.1417900000
   63.61299700   33.66254833        0.1417900000
   63.76853000   33.74485285        0.1417900000
   63.92406300   33.82715737        0.1417900000
   64.07959600   33.90946189        0.1417900000
   64.23512900   33.99176641        0.1417900000
   64.39066200   34.07407093        0.1417900000
   64.54619500   34.15637544        0.1417900000
   64.70172800   34.23867996        0.1417900000
   64.85726100   34.32098448        0.1417900000
   65.01279400   34.40328900        0.1417900000
   65.16832700   34.48559352        0.1417900000
   65.32386000   34.56789804        0.1417900000
   65.47939300   34.65020256        0.1417900000
   65.63492600   34.73250708        0.1417900000
   65.79045900   34.81481160        0.1417900000
   65.94599200   34.89711612        0.1417900000
   66.10152500   34.97942064        0.1417900000
   66.25705800   35.06172516        0.1417900000
   66.41259100   35.14402967        0.1417900000
   66.56812400   35.22633419        0.1417900000
   66.72365700   35.30863871        0.1417900000
   66.87919000   35.39094323        0.1417900000
   67.03472300   35.47324775        0.1417900000
   67.19025600   35.55555227        0.1417900000
   67.34578900   35.63785679        0.1417900000
   67.50132200   35.72016131        0.1417900000
   67.65685500   35.80246583        0.1417900000
   67.81238800   35.88477035        0.1417900000
   67.96792100   35.96707487        0.1417900000
   68.12345400   36.04937938        0.1417900000
   68.27898700   36.13168390        0.1417900000
   68.43452000   36.21398842        0.1417900000
   68.59005300   36.29629294        0.1417900000
   68.74558600   36.37859746        0.1417900000
   68.90111900   36.46090198        0.1417900000
   69.05665200   36.54320650        0.1417900000
   69.21218500   36.62551102        0.1417900000
   69.36771800   36.70781554        0.1417900000
   69.52325100   36.79012006        0.1417900000
   69.67878400   36.87242458        0.1417900000
   69.83431700   36.95472910        0.1417900000
   69.98985000   37.03703361        0.1417900000
   70.14538300   37.11933813        0.1417900000
   70.30091600   37.20164265        0.1417900000
   70.45644900   37.28394717        0.1417900000
   70.61198200   37.36625169        0.1417900000
   70.76751500   37.44855621        0.1417900000
   70.92304800   37.53086073        0.1417900000
   71.07858100   37.61316525        0.1417900000
   71.23411400   37.69546977        0.1417900000
   71.38964700   37.77777429        0.1417900000
   71.54518000   37.86007881        0.1417900000
   71.70071300   37.94238333        0.1417900000
   71.85624600   38.02468784        0.1417900000
   72.01177900   38.10699236        0.1417900000
   72.16731200   38.18929688        0.1417900000
   72.32284500   38.27160140        0.1417900000
   72.47837800   38.35390592        0.1417900000
   72.63391100   38.43621044        0.1417900000
   72.78944400   38.51851496        0.1417900000
   72.94497700   38.60081948        0.1417900000
   73.10051000   38.68312400        0.1417900000
   73.25604300   38.76542852        0.1417900000
   73.41157600   38.84773304        0.1417900000
   73.56710900   38.93003755        0.1417900000
   73.72264200   39.01234207        0.1417900000
   73.87817500   39.09464659        0.1417900000
   74.03370800   39.17695111        0.1417900000
   74.18924100   39.25925563        0.1417900000
   74.34477400   39.34156015        0.1417900000
   74.50030700   39.42386467        0.1417900000
   74.65584000   39.50616919        0.1417900000
   74.81137300   39.58847371        0.1417900000
   74.96690600   39.67077823        0.1417900000
   75.12243900   39.75308275        0.1417900000
   75.27797200   39.83538727        0.1417900000
   75.43350500   39.91769178        0.1417900000
