    0.00000000    0.00000000        0.1346990451
    0.15553300    0.08230452        0.1374121407
    0.31106600    0.16460904        0.1396964786
    0.46659900    0.24691356        0.1412129282
    0.62213200    0.32921808        0.1417425149
    0.77766500    0.41152260        0.1417425637
    0.93319800    0.49382711        0.1417426196
    1.08873100    0.57613163        0.1417426606
    1.24426400    0.65843615        0.1417426871
    1.39979700    0.74074067        0.1417425685
    1.55533000    0.82304519        0.1417424715
    1.71086300    0.90534971        0.1417424929
    1.86639600    0.98765423        0.1417425014
    2.02192900    1.06995875        0.1417425188
    2.17746200    1.15226327        0.1417425338
    2.33299500    1.23456779        0.1417425318
    2.48852800    1.31687231        0.1417425329
    2.64406100    1.39917683        0.1417425029
    2.79959400    1.48148134        0.1417425154
    2.95512700    1.56378586        0.1417425979
    3.11066000    1.64609038        0.1417425786
    3.26619300    1.72839490        0.1417425579
    3.42172600    1.81069942        0.1417425323
    3.57725900    1.89300394        0.1417425092
    3.73279200    1.97530846        0.1417425231
    3.88832500    2.05761298        0.1417426321
    4.04385800    2.13991750        0.1417427450
    4.19939100    2.22222202        0.1417426905
    4.35492400    2.30452654        0.1417426184
    4.51045700    2.38683106        0.1417426365
    4.66599000    2.46913557        0.1417426997
    4.82152300    2.55144009        0.1417427445
    4.97705600    2.63374461        0.1417427652
    5.13258900    2.71604913        0.1417427040
    5.28812200    2.79835365        0.1417426722
    5.44365500    2.88065817        0.1417426543
    5.59918800    2.96296269        0.1417427638
    5.75472100    3.04526721        0.1417427599
    5.91025400    3.12757173        0.1417426900
    6.06578700    3.20987625        0.1417427628
    6.22132000    3.29218077        0.1417428328
    6.37685300    3.37448528        0.1417427918
    6.53238600    3.45678980        0.1417427450
    6.68791900    3.53909432        0.1417427696
    6.84345200    3.62139884        0.1417428133
    6.99898500    3.70370336        0.1417427546
    7.15451800    3.78600788        0.1417428212
    7.31005100    3.86831240        0.1417428318
    7.46558400    3.95061692        0.1417428082
    7.62111700    4.03292144        0.1417428313
    7.77665000    4.11522596        0.1417428207
    7.93218300    4.19753048        0.1417428400
    8.08771600    4.27983500        0.1417428727
    8.24324900    4.36213951        0.1417428255
    8.39878200    4.44444403        0.1417428906
    8.55431500    4.52674855        0.1417428588
    8.70984800    4.60905307        0.1417429161
    8.86538100    4.69135759        0.1417428988
    9.02091400    4.77366211        0.1417429326
    9.17644700    4.85596663        0.1417428747
    9.33198000    4.93827115        0.1417429128
    9.48751300    5.02057567        0.1417428887
    9.64304600    5.10288019        0.1417428810
    9.79857900    5.18518471        0.1417428566
    9.95411200    5.26748923        0.1417428274
   10.10964500    5.34979374        0.1417427566
   10.26517800    5.43209826        0.1417426616
   10.42071100    5.51440278        0.1417425445
   10.57624400    5.59670730        0.1417423124
   10.73177700    5.67901182        0.1417419686
   10.88731000    5.76131634        0.1417414829
   11.04284300    5.84362086        0.1417407817
   11.19837600    5.92592538        0.1417397145
   11.35390900    6.00822990        0.1417381457
   11.50944200    6.09053442        0.1417360031
   11.66497500    6.17283894        0.1417329726
   11.82050800    6.25514345        0.1417287312
   11.97604100    6.33744797        0.1417227151
   12.13157400    6.41975249        0.1417143975
   12.28710700    6.50205701        0.1417030097
   12.44264000    6.58436153        0.1416874976
   12.59817300    6.66666605        0.1416663942
   12.75370600    6.74897057        0.1416380054
   12.90923900    6.83127509        0.1416000323
   13.06477200    6.91357961        0.1415494319
   13.22030500    6.99588413        0.1414826623
   13.37583800    7.07818865        0.1413947309
   13.53137100    7.16049317        0.1412798730
   13.68690400    7.24279768        0.1411302604
   13.84243700    7.32510220        0.1409364752
   13.99797000    7.40740672        0.1406864424
   14.15350300    7.48971124        0.1403650463
   14.30903600    7.57201576        0.1399530903
   14.46456900    7.65432028        0.1394264918
   14.62010200    7.73662480        0.1387547246
   14.77563500    7.81892932        0.1378990283
   14.93116800    7.90123384        0.1368100491
   15.08670100    7.98353836        0.1354251175
   15.24223400    8.06584288        0.1336641363
   15.39776700    8.14814740        0.1314253274
   15.55330000    8.23045191        0.1285790299
   15.70883300    8.31275643        0.1249606444
   15.86436600    8.39506095        0.1203613331
   16.01989900    8.47736547        0.1145162666
   16.17543200    8.55966999        0.1070888279
   16.33096500    8.64197451        0.0976511046
   16.48649800    8.72427903        0.0856580749
   16.64203100    8.80658355        0.0704166931
   16.79756400    8.88888807        0.0510528826
   16.95309700    8.97119259        0.0264825957
   17.10863000    9.05349711       -0.0045990724
   17.26416300    9.13580162       -0.0436919403
   17.41969600    9.21810614       -0.0923988022
   17.57522900    9.30041066       -0.1522283922
   17.73076200    9.38271518       -0.2242365241
   17.88629500    9.46501970       -0.3084456368
   18.04182800    9.54732422       -0.4030459789
   18.19736100    9.62962874       -0.5035811253
   18.35289400    9.71193326       -0.6026024752
   18.50842700    9.79423778       -0.6903364273
   18.66396000    9.87654230       -0.7564742871
   18.81949300    9.95884682       -0.7924934627
   18.97502600   10.04115134       -0.7936320260
   19.13055900   10.12345585       -0.7599549538
   19.28609200   10.20576037       -0.6963624506
   19.44162500   10.28806489       -0.6115453531
   19.59715800   10.37036941       -0.5160235935
   19.75269100   10.45267393       -0.4198356664
   19.90822400   10.53497845       -0.3307571810
   20.06375700   10.61728297       -0.2536435605
   20.21929000   10.69958749       -0.1907884246
   20.37482300   10.78189201       -0.1427556705
   20.53035600   10.86419653       -0.1092016389
   20.68588900   10.94650105       -0.0894810066
   20.84142200   11.02880557       -0.0830307601
   20.99695500   11.11111008       -0.0895806413
   21.15248800   11.19341460       -0.1092285713
   21.30802100   11.27571912       -0.1423948102
   21.46355400   11.35802364       -0.1896454659
   21.61908700   11.44032816       -0.2513513536
   21.77462000   11.52263268       -0.3271337440
   21.93015300   11.60493720       -0.4150824687
   22.08568600   11.68724172       -0.5109071022
   22.24121900   11.76954624       -0.6074500896
   22.39675200   11.85185076       -0.6951307966
   22.55228500   11.93415528       -0.7635288477
   22.70781800   12.01645979       -0.8036442246
   22.86335100   12.09876431       -0.8099504824
   23.01888400   12.18106883       -0.7816089926
   23.17441700   12.26337335       -0.7226548990
   23.32995000   12.34567787       -0.6411430720
   23.48548300   12.42798239       -0.5473510065
   23.64101600   12.51028691       -0.4514954006
   23.79654900   12.59259143       -0.3618161799
   23.95208200   12.67489595       -0.2837086082
   24.10761500   12.75720047       -0.2199236615
   24.26314800   12.83950499       -0.1713395117
   24.41868100   12.92180951       -0.1377796896
   24.57421400   13.00411402       -0.1186191550
   24.72974700   13.08641854       -0.1131299920
   24.88528000   13.16872306       -0.1205961247
   25.04081300   13.25102758       -0.1402373530
   25.19634600   13.33333210       -0.1710061557
   25.35187900   13.41563662       -0.2113844207
   25.50741200   13.49794114       -0.2593632209
   25.66294500   13.58024566       -0.3126150649
   25.81847800   13.66255018       -0.3682617698
   25.97401100   13.74485470       -0.4217247711
   26.12954400   13.82715922       -0.4662564629
   26.28507700   13.90946374       -0.4950183077
   26.44061000   13.99176825       -0.5041130703
   26.59614300   14.07407277       -0.4938622878
   26.75167600   14.15637729       -0.4674333506
   26.90720900   14.23868181       -0.4287098984
   27.06274200   14.32098633       -0.3818835766
   27.21827500   14.40329085       -0.3319799560
   27.37380800   14.48559537       -0.2844612721
   27.52934100   14.56789989       -0.2441345671
   27.68487400   14.65020441       -0.2143919969
   27.84040700   14.73250893       -0.1970638343
   27.99594000   14.81481345       -0.1926252251
   28.15147300   14.89711796       -0.2004769929
   28.30700600   14.97942248       -0.2192167395
   28.46253900   15.06172700       -0.2469073986
   28.61807200   15.14403152       -0.2811497147
   28.77360500   15.22633604       -0.3187632632
   28.92913800   15.30864056       -0.3556414849
   29.08467100   15.39094508       -0.3872349021
   29.24020400   15.47324960       -0.4094198464
   29.39573700   15.55555412       -0.4196223102
   29.55127000   15.63785864       -0.4173026694
   29.70680300   15.72016316       -0.4034478372
   29.86233600   15.80246768       -0.3799662123
   30.01786900   15.88477219       -0.3494110497
   30.17340200   15.96707671       -0.3149398419
   30.32893500   16.04938123       -0.2802708027
   30.48446800   16.13168575       -0.2491055032
   30.64000100   16.21399027       -0.2244733536
   30.79553400   16.29629479       -0.2085520902
   30.95106700   16.37859931       -0.2026500990
   31.10660000   16.46090383       -0.2071497847
   31.26213300   16.54320835       -0.2215978793
   31.41766600   16.62551287       -0.2449539736
   31.57319900   16.70781739       -0.2755972858
   31.72873200   16.79012191       -0.3108762832
   31.88426500   16.87242642       -0.3471206104
   32.03979800   16.95473094       -0.3805567445
   32.19533100   17.03703546       -0.4081442092
   32.35086400   17.11933998       -0.4279290956
   32.50639700   17.20164450       -0.4388207546
   32.66193000   17.28394902       -0.4403017262
   32.81746300   17.36625354       -0.4325327122
   32.97299600   17.44855806       -0.4163772597
   33.12852900   17.53086258       -0.3933224764
   33.28406200   17.61316710       -0.3656302574
   33.43959500   17.69547162       -0.3363095427
   33.59512800   17.77777613       -0.3087131268
   33.75066100   17.86008065       -0.2860024844
   33.90619400   17.94238517       -0.2706626886
   34.06172700   18.02468969       -0.2641710381
   34.21726000   18.10699421       -0.2669228450
   34.37279300   18.18929873       -0.2784684109
   34.52832600   18.27160325       -0.2978613168
   34.68385900   18.35390777       -0.3236113304
   34.83939200   18.43621229       -0.3532471037
   34.99492500   18.51851681       -0.3834770700
   35.15045800   18.60082133       -0.4110369001
   35.30599100   18.68312585       -0.4334199935
   35.46152400   18.76543036       -0.4488926046
   35.61705700   18.84773488       -0.4556015074
   35.77259000   18.93003940       -0.4514991053
   35.92812300   19.01234392       -0.4352388581
   36.08365600   19.09464844       -0.4068186277
   36.23918900   19.17695296       -0.3677096451
   36.39472200   19.25925748       -0.3204738356
   36.55025500   19.34156200       -0.2682602698
   36.70578800   19.42386652       -0.2144489802
   36.86132100   19.50617104       -0.1621304281
   37.01685400   19.58847556       -0.1136276035
   37.17238700   19.67078008       -0.0704020953
   37.32792000   19.75308459       -0.0331255023
   37.48345300   19.83538911       -0.0018127105
   37.63898600   19.91769363        0.0239737068
   37.79451900   19.99999815        0.0449103701
   37.95005200   20.08230267        0.0617482489
   38.10558500   20.16460719        0.0752096142
   38.26111800   20.24691171        0.0859360161
   38.41665100   20.32921623        0.0944702886
   38.57218400   20.41152075        0.1012576425
   38.72771700   20.49382527        0.1066564855
   38.88325000   20.57612979        0.1109524637
   39.03878300   20.65843430        0.1143721964
   39.19431600   20.74073882        0.1170952073
   39.34984900   20.82304334        0.1192639825
   39.50538200   20.90534786        0.1209915030
   39.66091500   20.98765238        0.1223676838
   39.81644800   21.06995690        0.1234639583
   39.97198100   21.15226142        0.1243371733
   40.12751400   21.23456594        0.1250324837
   40.28304700   21.31687046        0.1255858390
   40.43858000   21.39917498        0.1260258169
   40.59411300   21.48147950        0.1263751997
   40.74964600   21.56378402        0.1266523083
   40.90517900   21.64608853        0.1268715519
   41.06071200   21.72839305        0.1270446957
   41.21624500   21.81069757        0.1271809443
   41.37177800   21.89300209        0.1272879446
   41.52731100   21.97530661        0.1273716198
   41.68284400   22.05761113        0.1274368427
   41.83837700   22.13991565        0.1274874502
   41.99391000   22.22222017        0.1275265813
   42.14944300   22.30452469        0.1275567568
   42.30497600   22.38682921        0.1275798172
   42.46050900   22.46913373        0.1275974518
   42.61604200   22.55143825        0.1276108415
   42.77157500   22.63374276        0.1276209433
   42.92710800   22.71604728        0.1276285330
   43.08264100   22.79835180        0.1276342458
   43.23817400   22.88065632        0.1276385195
   43.39370700   22.96296084        0.1276416633
   43.54924000   23.04526536        0.1276439926
   43.70477300   23.12756988        0.1276456944
   43.86030600   23.20987440        0.1276469314
   44.01583900   23.29217892        0.1276478617
   44.17137200   23.37448344        0.1276485344
   44.32690500   23.45678796        0.1276490504
   44.48243800   23.53909248        0.1276493764
   44.63797100   23.62139699        0.1276496229
   44.79350400   23.70370151        0.1276498085
   44.94903700   23.78600603        0.1276499561
   45.10457000   23.86831055        0.1276500169
   45.26010300   23.95061507        0.1276500897
   45.41563600   24.03291959        0.1276500901
   45.57116900   24.11522411        0.1276501640
   45.72670200   24.19752863        0.1276501403
   45.88223500   24.27983315        0.1276501616
   46.03776800   24.36213767        0.1276501683
   46.19330100   24.44444219        0.1276501635
   46.34883400   24.52674670        0.1276501403
   46.50436700   24.60905122        0.1276501717
   46.65990000   24.69135574        0.1276501264
   46.81543300   24.77366026        0.1276501186
   46.97096600   24.85596478        0.1276500796
   47.12649900   24.93826930        0.1276500936
   47.28203200   25.02057382        0.1276500429
   47.43756500   25.10287834        0.1276500921
   47.59309800   25.18518286        0.1276500497
   47.74863100   25.26748738        0.1276499977
   47.90416400   25.34979190        0.1276499766
   48.05969700   25.43209642        0.1276499715
   48.21523000   25.51440093        0.1276499489
   48.37076300   25.59670545        0.1276498751
   48.52629600   25.67900997        0.1276498298
   48.68182900   25.76131449        0.1276498413
   48.83736200   25.84361901        0.1276498052
   48.99289500   25.92592353        0.1276497377
   49.14842800   26.00822805        0.1276497295
   49.30396100   26.09053257        0.1276496909
   49.45949400   26.17283709        0.1276496465
   49.61502700   26.25514161        0.1276496055
   49.77056000   26.33744613        0.1276495819
   49.92609300   26.41975065        0.1276495317
   50.08162600   26.50205516        0.1276494878
   50.23715900   26.58435968        0.1276494633
   50.39269200   26.66666420        0.1276493948
   50.54822500   26.74896872        0.1276493326
   50.70375800   26.83127324        0.1276493364
   50.85929100   26.91357776        0.1276492520
   51.01482400   26.99588228        0.1276491831
   51.17035700   27.07818680        0.1276491474
   51.32589000   27.16049132        0.1276490837
   51.48142300   27.24279584        0.1276490673
   51.63695600   27.32510036        0.1276490369
   51.79248900   27.40740487        0.1276489853
   51.94802200   27.48970939        0.1276488947
   52.10355500   27.57201391        0.1276489034
   52.25908800   27.65431843        0.1276488436
   52.41462100   27.73662295        0.1276488180
   52.57015400   27.81892747        0.1276487481
   52.72568700   27.90123199        0.1276486830
   52.88122000   27.98353651        0.1276486323
   53.03675300   28.06584103        0.1276486208
   53.19228600   28.14814555        0.1276485740
   53.34781900   28.23045007        0.1276485450
   53.50335200   28.31275459        0.1276484886
   53.65888500   28.39505910        0.1276484558
   53.81441800   28.47736362        0.1276483761
   53.96995100   28.55966814        0.1276483878
   54.12548400   28.64197266        0.1276483280
   54.28101700   28.72427718        0.1276482976
   54.43655000   28.80658170        0.1276483121
   54.59208300   28.88888622        0.1276482200
   54.74761600   28.97119074        0.1276482002
   54.90314900   29.05349526        0.1276482055
   55.05868200   29.13579978        0.1276481361
   55.21421500   29.21810430        0.1276481645
   55.36974800   29.30040882        0.1276481192
   55.52528100   29.38271333        0.1276481226
   55.68081400   29.46501785        0.1276481216
   55.83634700   29.54732237        0.1276480787
   55.99188000   29.62962689        0.1276480575
   56.14741300   29.71193141        0.1276480734
   56.30294600   29.79423593        0.1276480985
   56.45847900   29.87654045        0.1276480512
   56.61401200   29.95884497        0.1276480589
   56.76954500   30.04114949        0.1276480348
   56.92507800   30.12345401        0.1276480937
   57.08061100   30.20575853        0.1276481935
   57.23614400   30.28806304        0.1276481178
   57.39167700   30.37036756        0.1276480720
   57.54721000   30.45267208        0.1276480493
   57.70274300   30.53497660        0.1276481732
   57.85827600   30.61728112        0.1276482470
   58.01380900   30.69958564        0.1276482933
   58.16934200   30.78189016        0.1276482788
   58.32487500   30.86419468        0.1276483507
   58.48040800   30.94649920        0.1276483208
   58.63594100   31.02880372        0.1276482996
   58.79147400   31.11110824        0.1276483078
   58.94700700   31.19341276        0.1276483574
   59.10254000   31.27571727        0.1276484804
   59.25807300   31.35802179        0.1276487312
   59.41360600   31.44032631        0.1276487891
   59.56913900   31.52263083        0.1276488252
   59.72467200   31.60493535        0.1276488339
   59.88020500   31.68723987        0.1276488445
   60.03573800   31.76954439        0.1276488532
   60.19127100   31.85184891        0.1276488305
   60.34680400   31.93415343        0.1276488903
   60.50233700   32.01645795        0.1276490394
   60.65787000   32.09876247        0.1276491073
   60.81340300   32.18106699        0.1276492757
   60.96893600   32.26337150        0.1276493933
   61.12446900   32.34567602        0.1276494956
   61.28000200   32.42798054        0.1276495983
   61.43553500   32.51028506        0.1276496832
   61.59106800   32.59258958        0.1276497825
   61.74660100   32.67489410        0.1276498847
   61.90213400   32.75719862        0.1276499961
   62.05766700   32.83950314        0.1276501124
   62.21320000   32.92180766        0.1276501100
   62.36873300   33.00411218        0.1276501384
   62.52426600   33.08641670        0.1276502189
   62.67979900   33.16872121        0.1276503115
   62.83533200   33.25102573        0.1276504128
   62.99086500   33.33333025        0.1276505295
   63.14639800   33.41563477        0.1276506631
   63.30193100   33.49793929        0.1276508169
   63.45746400   33.58024381        0.1276510132
   63.61299700   33.66254833        0.1276512905
   63.76853000   33.74485285        0.1276515948
   63.92406300   33.82715737        0.1276518277
   64.07959600   33.90946189        0.1276520534
   64.23512900   33.99176641        0.1276522574
   64.39066200   34.07407093        0.1276524677
   64.54619500   34.15637544        0.1276526683
   64.70172800   34.23867996        0.1276528728
   64.85726100   34.32098448        0.1276530758
   65.01279400   34.40328900        0.1276531414
   65.16832700   34.48559352        0.1276531346
   65.32386000   34.56789804        0.1276531216
   65.47939300   34.65020256        0.1276531154
   65.63492600   34.73250708        0.1276531076
   65.79045900   34.81481160        0.1276531086
   65.94599200   34.89711612        0.1276531110
   66.10152500   34.97942064        0.1276531125
   66.25705800   35.06172516        0.1276531240
   66.41259100   35.14402967        0.1276531318
   66.56812400   35.22633419        0.1276531457
   66.72365700   35.30863871        0.1276531698
   66.87919000   35.39094323        0.1276531940
   67.03472300   35.47324775        0.1276532142
   67.19025600   35.55555227        0.1276532432
   67.34578900   35.63785679        0.1276532759
   67.50132200   35.72016131        0.1276533160
   67.65685500   35.80246583        0.1276533565
   67.81238800   35.88477035        0.1276534028
   67.96792100   35.96707487        0.1276534457
   68.12345400   36.04937938        0.1276534949
   68.27898700   36.13168390        0.1276535465
   68.43452000   36.21398842        0.1276536005
   68.59005300   36.29629294        0.1276536589
   68.74558600   36.37859746        0.1276537013
   68.90111900   36.46090198        0.1276537572
   69.05665200   36.54320650        0.1276538214
   69.21218500   36.62551102        0.1276538995
   69.36771800   36.70781554        0.1276539767
   69.52325100   36.79012006        0.1276540649
   69.67878400   36.87242458        0.1276541580
   69.83431700   36.95472910        0.1276542525
   69.98985000   37.03703361        0.1276543523
   70.14538300   37.11933813        0.1276544599
   70.30091600   37.20164265        0.1276545843
   70.45644900   37.28394717        0.1276547439
   70.61198200   37.36625169        0.1276548486
   70.76751500   37.44855621        0.1276549330
   70.92304800   37.53086073        0.1276549928
   71.07858100   37.61316525        0.1276550444
   71.23411400   37.69546977        0.1276550854
   71.38964700   37.77777429        0.1276551186
   71.54518000   37.86007881        0.1276551466
   71.70071300   37.94238333        0.1276551659
   71.85624600   38.02468784        0.1276551833
   72.01177900   38.10699236        0.1276551939
   72.16731200   38.18929688        0.1276552045
   72.32284500   38.27160140        0.1276552088
   72.47837800   38.35390592        0.1276552107
   72.63391100   38.43621044        0.1276552069
   72.78944400   38.51851496        0.1276552001
   72.94497700   38.60081948        0.1276551977
   73.10051000   38.68312400        0.1276551919
   73.25604300   38.76542852        0.1276551837
   73.41157600   38.84773304        0.1276551741
   73.56710900   38.93003755        0.1276551611
   73.72264200   39.01234207        0.1276551558
   73.87817500   39.09464659        0.1276551394
   74.03370800   39.17695111        0.1276551280
   74.18924100   39.25925563        0.1276551162
   74.34477400   39.34156015        0.1276552402
   74.50030700   39.42386467        0.1276553675
   74.65584000   39.50616919        0.1276554803
   74.81137300   39.58847371        0.1276555956
   74.96690600   39.67077823        0.1276556274
   75.12243900   39.75308275        0.1276555893
   75.27797200   39.83538727        0.1276555536
   75.43350500   39.91769178        0.1276555122
